x	y
0.000	1.028
0.000	1.056
0.000	1.084
0.000	1.111
0.000	1.139
0.000	1.167
0.000	1.194
0.000	1.222
0.000	1.249
0.000	1.277
0.000	1.305
0.000	1.332
0.000	1.360
0.000	1.387
0.000	1.415
0.000	1.443
0.000	1.470
0.000	1.498
0.000	1.525
0.000	1.553
0.000	1.581
0.000	1.608
0.000	1.636
0.000	1.664
0.000	1.691
0.000	1.719
0.000	1.746
0.000	1.774
0.000	1.802
0.000	1.829
0.000	1.857
0.000	1.884
0.000	1.912
0.000	1.940
0.000	1.967
0.000	1.995
0.000	2.022
0.000	2.050
0.000	2.078
0.000	2.105
0.000	2.133
0.000	2.160
0.000	2.188
0.000	2.216
0.000	2.243
0.000	2.271
0.000	2.299
0.000	2.299
0.003	2.354
0.011	2.409
0.011	2.409
0.024	2.466
0.038	2.523
0.053	2.579
0.069	2.636
0.087	2.691
0.105	2.747
0.125	2.802
0.145	2.857
0.167	2.911
0.190	2.965
0.190	2.965
0.205	3.000
0.220	3.035
0.220	3.035
0.235	3.070
0.251	3.106
0.251	3.106
0.267	3.141
0.283	3.176
0.283	3.176
0.296	3.203
0.309	3.231
0.322	3.259
0.335	3.286
0.348	3.314
0.348	3.314
0.362	3.345
0.377	3.376
0.392	3.406
0.392	3.406
0.423	3.451
0.423	3.451
0.426	3.524
0.421	3.597
0.421	3.597
0.420	3.661
0.428	3.725
0.444	3.787
0.468	3.847
0.499	3.904
0.499	3.904
0.533	3.950
0.569	3.993
0.608	4.035
0.650	4.073
0.694	4.109
0.740	4.143
0.743	4.135
0.754	4.189
0.767	4.241
0.783	4.293
0.802	4.344
0.824	4.394
0.848	4.443
0.875	4.490
0.904	4.536
0.936	4.581
0.936	4.581
0.967	4.637
0.967	4.637
0.986	4.664
1.005	4.691
1.005	4.691
1.025	4.714
1.046	4.737
1.066	4.760
1.086	4.783
1.106	4.806
1.106	4.806
1.145	4.852
1.185	4.897
1.228	4.940
1.273	4.980
1.321	5.018
1.370	5.053
1.421	5.086
1.421	5.086
1.467	5.114
1.516	5.138
1.567	5.157
1.620	5.171
1.673	5.179
1.728	5.183
1.782	5.180
1.782	5.180
1.837	5.213
1.893	5.245
1.950	5.275
2.008	5.303
2.067	5.330
2.067	5.330
2.119	5.352
2.172	5.372
2.226	5.390
2.281	5.407
2.336	5.421
2.391	5.434
2.447	5.445
2.503	5.454
2.560	5.462
2.617	5.467
2.673	5.470
2.730	5.472
2.787	5.471
2.844	5.469
2.901	5.464
2.958	5.458
2.958	5.458
3.017	5.442
3.077	5.432
3.138	5.428
3.199	5.430
3.199	5.430
3.227	5.430
3.255	5.430
3.283	5.429
3.311	5.429
3.339	5.429
3.339	5.429
3.373	5.429
3.406	5.429
3.440	5.430
3.473	5.430
3.473	5.430
3.502	5.430
3.531	5.430
3.560	5.431
3.589	5.431
3.618	5.431
3.647	5.431
3.676	5.432
3.705	5.432
3.734	5.432
3.763	5.432
3.791	5.433
3.820	5.433
3.849	5.433
3.878	5.433
3.878	5.433
3.906	5.433
3.933	5.433
3.960	5.433
3.988	5.433
4.015	5.433
4.015	5.433
4.043	5.433
4.072	5.433
4.100	5.432
4.128	5.432
4.156	5.432
4.156	5.432
4.183	5.432
4.211	5.432
4.238	5.432
4.265	5.432
4.292	5.432
4.319	5.432
4.346	5.432
4.373	5.432
4.401	5.432
4.428	5.432
4.455	5.432
4.482	5.432
4.509	5.432
4.536	5.432
4.563	5.432
4.591	5.432
4.618	5.432
4.645	5.432
4.672	5.432
4.699	5.432
4.726	5.432
4.753	5.432
4.781	5.432
4.808	5.432
4.835	5.432
4.862	5.432
4.889	5.432
4.916	5.432
4.943	5.432
4.971	5.432
4.998	5.432
5.025	5.432
5.052	5.432
5.079	5.432
5.106	5.432
5.133	5.432
5.161	5.432
5.188	5.432
5.215	5.432
5.242	5.432
5.269	5.432
5.296	5.432
5.323	5.432
5.351	5.432
5.378	5.432
5.405	5.432
5.432	5.432
5.459	5.432
5.486	5.432
5.513	5.432
5.540	5.432
5.568	5.432
5.595	5.432
5.622	5.432
5.649	5.432
5.676	5.432
5.703	5.432
5.730	5.432
5.758	5.432
5.785	5.432
5.812	5.432
5.839	5.432
5.866	5.432
5.893	5.432
5.920	5.432
5.948	5.432
5.975	5.432
6.002	5.432
6.029	5.432
6.056	5.432
6.083	5.432
6.110	5.432
6.138	5.432
6.165	5.432
6.192	5.432
6.219	5.432
6.246	5.432
6.273	5.432
6.300	5.432
6.328	5.432
6.355	5.432
6.382	5.432
6.409	5.432
6.436	5.432
6.463	5.432
6.490	5.432
6.518	5.432
6.545	5.432
6.572	5.432
6.599	5.432
6.626	5.432
6.653	5.432
6.680	5.432
6.708	5.432
6.735	5.432
6.762	5.432
6.789	5.432
6.816	5.432
6.843	5.432
6.870	5.432
6.898	5.432
6.925	5.432
6.952	5.432
6.979	5.432
7.006	5.432
7.033	5.432
7.060	5.432
7.087	5.432
7.115	5.432
7.142	5.432
7.169	5.432
7.196	5.432
7.223	5.432
7.250	5.432
7.277	5.432
7.305	5.432
7.332	5.432
7.359	5.432
7.386	5.432
7.413	5.432
7.440	5.432
7.467	5.432
7.495	5.432
7.522	5.432
7.549	5.432
7.576	5.432
7.603	5.432
7.630	5.432
7.657	5.432
7.685	5.432
7.712	5.432
7.739	5.432
7.766	5.432
7.793	5.432
7.820	5.432
7.847	5.432
7.875	5.432
7.902	5.432
7.929	5.432
7.956	5.432
7.983	5.432
8.010	5.432
8.037	5.432
8.065	5.432
8.092	5.432
8.119	5.432
8.146	5.432
8.173	5.432
8.200	5.432
8.227	5.432
8.255	5.432
8.282	5.432
8.309	5.432
8.336	5.432
8.363	5.432
8.390	5.432
8.417	5.432
8.445	5.432
8.472	5.432
8.499	5.432
8.526	5.432
8.553	5.432
8.580	5.432
8.607	5.432
8.634	5.432
8.662	5.432
8.689	5.432
8.716	5.432
8.743	5.432
8.770	5.432
8.797	5.432
8.824	5.432
8.852	5.432
8.879	5.432
8.906	5.432
8.933	5.432
8.960	5.432
8.987	5.432
9.014	5.432
9.042	5.432
9.069	5.432
9.096	5.432
9.123	5.432
9.150	5.432
9.177	5.432
9.204	5.432
9.232	5.432
9.259	5.432
9.286	5.432
9.313	5.432
9.340	5.432
9.340	5.432
9.395	5.429
9.449	5.423
9.502	5.412
9.554	5.396
9.605	5.376
9.654	5.352
9.701	5.324
9.745	5.293
9.787	5.257
9.826	5.219
9.861	5.177
9.893	5.133
9.920	5.086
9.944	5.037
9.964	4.986
9.980	4.934
9.991	4.880
9.998	4.826
10.000	4.772
10.000	4.772
10.000	4.745
10.000	4.718
10.000	4.691
10.000	4.663
10.000	4.636
10.000	4.609
10.000	4.582
10.000	4.555
10.000	4.528
10.000	4.501
10.000	4.473
10.000	4.446
10.000	4.419
10.000	4.392
10.000	4.365
10.000	4.338
10.000	4.311
10.000	4.284
10.000	4.256
10.000	4.229
10.000	4.202
10.000	4.175
10.000	4.148
10.000	4.121
10.000	4.094
10.000	4.067
10.000	4.039
10.000	4.012
10.000	3.985
10.000	3.958
10.000	3.931
10.000	3.904
10.000	3.877
10.000	3.850
10.000	3.822
10.000	3.795
10.000	3.768
10.000	3.741
10.000	3.714
10.000	3.687
10.000	3.660
10.000	3.633
10.000	3.605
10.000	3.578
10.000	3.551
10.000	3.524
10.000	3.497
10.000	3.470
10.000	3.443
10.000	3.416
10.000	3.388
10.000	3.361
10.000	3.334
10.000	3.307
10.000	3.280
10.000	3.253
10.000	3.226
10.000	3.199
10.000	3.171
10.000	3.144
10.000	3.117
10.000	3.090
10.000	3.063
10.000	3.036
10.000	3.009
10.000	2.982
10.000	2.954
10.000	2.927
10.000	2.900
10.000	2.873
10.000	2.846
10.000	2.819
10.000	2.792
10.000	2.765
10.000	2.737
10.000	2.710
10.000	2.683
10.000	2.656
10.000	2.629
10.000	2.602
10.000	2.575
10.000	2.548
10.000	2.520
10.000	2.493
10.000	2.466
10.000	2.439
10.000	2.412
10.000	2.385
10.000	2.358
10.000	2.331
10.000	2.303
10.000	2.276
10.000	2.249
10.000	2.222
10.000	2.195
10.000	2.168
10.000	2.141
10.000	2.114
10.000	2.086
10.000	2.059
10.000	2.032
10.000	2.005
10.000	1.978
10.000	1.951
10.000	1.924
10.000	1.897
10.000	1.869
10.000	1.842
10.000	1.815
10.000	1.788
10.000	1.761
10.000	1.734
10.000	1.707
10.000	1.680
10.000	1.652
10.000	1.625
10.000	1.598
10.000	1.571
10.000	1.544
10.000	1.517
10.000	1.490
10.000	1.463
10.000	1.435
10.000	1.408
10.000	1.381
10.000	1.354
10.000	1.327
10.000	1.300
10.000	1.273
10.000	1.246
10.000	1.218
10.000	1.191
10.000	1.164
10.000	1.137
10.000	1.110
10.000	1.083
10.000	1.056
10.000	1.028
10.000	1.028
9.973	1.028
9.946	1.028
9.918	1.028
9.891	1.028
9.864	1.028
9.837	1.028
9.810	1.028
9.783	1.028
9.755	1.028
9.728	1.028
9.701	1.028
9.674	1.028
9.647	1.028
9.620	1.028
9.592	1.028
9.565	1.028
9.538	1.028
9.511	1.028
9.484	1.028
9.457	1.028
9.429	1.028
9.402	1.028
9.375	1.028
9.348	1.028
9.321	1.028
9.293	1.028
9.266	1.028
9.239	1.028
9.212	1.028
9.185	1.028
9.158	1.028
9.130	1.028
9.103	1.028
9.076	1.028
9.049	1.028
9.022	1.028
8.995	1.028
8.967	1.028
8.940	1.028
8.913	1.028
8.886	1.028
8.859	1.028
8.832	1.028
8.804	1.028
8.777	1.028
8.750	1.028
8.723	1.028
8.696	1.028
8.668	1.028
8.641	1.028
8.614	1.028
8.587	1.028
8.560	1.028
8.533	1.028
8.505	1.028
8.478	1.028
8.451	1.028
8.424	1.028
8.397	1.028
8.370	1.028
8.342	1.028
8.315	1.028
8.288	1.028
8.261	1.028
8.234	1.028
8.207	1.028
8.179	1.028
8.152	1.028
8.125	1.028
8.098	1.028
8.071	1.028
8.043	1.028
8.016	1.028
7.989	1.028
7.962	1.028
7.935	1.028
7.908	1.028
7.880	1.028
7.853	1.028
7.826	1.028
7.799	1.028
7.772	1.028
7.745	1.028
7.717	1.028
7.690	1.028
7.663	1.028
7.636	1.028
7.609	1.028
7.582	1.028
7.554	1.028
7.527	1.028
7.500	1.028
7.473	1.028
7.446	1.028
7.418	1.028
7.391	1.028
7.364	1.028
7.337	1.028
7.310	1.028
7.283	1.028
7.255	1.028
7.228	1.028
7.201	1.028
7.174	1.028
7.147	1.028
7.120	1.028
7.092	1.028
7.065	1.028
7.038	1.028
7.011	1.028
6.984	1.028
6.957	1.028
6.929	1.028
6.902	1.028
6.875	1.028
6.848	1.028
6.821	1.028
6.793	1.028
6.766	1.028
6.739	1.028
6.712	1.028
6.685	1.028
6.658	1.028
6.630	1.028
6.603	1.028
6.576	1.028
6.549	1.028
6.522	1.028
6.495	1.028
6.467	1.028
6.440	1.028
6.413	1.028
6.386	1.028
6.359	1.028
6.332	1.028
6.304	1.028
6.277	1.028
6.250	1.028
6.223	1.028
6.196	1.028
6.168	1.028
6.141	1.028
6.114	1.028
6.087	1.028
6.060	1.028
6.033	1.028
6.005	1.028
5.978	1.028
5.951	1.028
5.924	1.028
5.897	1.028
5.870	1.028
5.842	1.028
5.815	1.028
5.788	1.028
5.761	1.028
5.734	1.028
5.707	1.028
5.679	1.028
5.652	1.028
5.625	1.028
5.598	1.028
5.571	1.028
5.543	1.028
5.516	1.028
5.489	1.028
5.462	1.028
5.435	1.028
5.408	1.028
5.380	1.028
5.353	1.028
5.326	1.028
5.299	1.028
5.272	1.028
5.245	1.028
5.217	1.028
5.190	1.028
5.163	1.028
5.136	1.028
5.109	1.028
5.082	1.028
5.054	1.028
5.027	1.028
5.000	1.028
4.973	1.028
4.946	1.028
4.918	1.028
4.891	1.028
4.864	1.028
4.837	1.028
4.810	1.028
4.783	1.028
4.755	1.028
4.728	1.028
4.701	1.028
4.674	1.028
4.647	1.028
4.620	1.028
4.592	1.028
4.565	1.028
4.538	1.028
4.511	1.028
4.484	1.028
4.457	1.028
4.429	1.028
4.402	1.028
4.375	1.028
4.348	1.028
4.321	1.028
4.293	1.028
4.266	1.028
4.239	1.028
4.212	1.028
4.185	1.028
4.158	1.028
4.130	1.028
4.103	1.028
4.076	1.028
4.049	1.028
4.022	1.028
3.995	1.028
3.967	1.028
3.940	1.028
3.913	1.028
3.886	1.028
3.859	1.028
3.832	1.028
3.804	1.028
3.777	1.028
3.750	1.028
3.723	1.028
3.696	1.028
3.668	1.028
3.641	1.028
3.614	1.028
3.587	1.028
3.560	1.028
3.533	1.028
3.505	1.028
3.478	1.028
3.451	1.028
3.424	1.028
3.397	1.028
3.370	1.028
3.342	1.028
3.315	1.028
3.288	1.028
3.261	1.028
3.234	1.028
3.207	1.028
3.179	1.028
3.152	1.028
3.125	1.028
3.098	1.028
3.071	1.028
3.043	1.028
3.016	1.028
2.989	1.028
2.962	1.028
2.935	1.028
2.908	1.028
2.880	1.028
2.853	1.028
2.826	1.028
2.799	1.028
2.772	1.028
2.745	1.028
2.717	1.028
2.690	1.028
2.663	1.028
2.636	1.028
2.609	1.028
2.582	1.028
2.554	1.028
2.527	1.028
2.500	1.028
2.473	1.028
2.446	1.028
2.418	1.028
2.391	1.028
2.364	1.028
2.337	1.028
2.310	1.028
2.283	1.028
2.255	1.028
2.228	1.028
2.201	1.028
2.174	1.028
2.147	1.028
2.120	1.028
2.092	1.028
2.065	1.028
2.038	1.028
2.011	1.028
1.984	1.028
1.957	1.028
1.929	1.028
1.902	1.028
1.875	1.028
1.848	1.028
1.821	1.028
1.793	1.028
1.766	1.028
1.739	1.028
1.712	1.028
1.685	1.028
1.658	1.028
1.630	1.028
1.603	1.028
1.576	1.028
1.549	1.028
1.522	1.028
1.495	1.028
1.467	1.028
1.440	1.028
1.413	1.028
1.386	1.028
1.359	1.028
1.332	1.028
1.304	1.028
1.277	1.028
1.250	1.028
1.223	1.028
1.196	1.028
1.168	1.028
1.141	1.028
1.114	1.028
1.087	1.028
1.060	1.028
1.033	1.028
1.005	1.028
0.978	1.028
0.951	1.028
0.924	1.028
0.897	1.028
0.870	1.028
0.842	1.028
0.815	1.028
0.788	1.028
0.761	1.028
0.734	1.028
0.707	1.028
0.679	1.028
0.652	1.028
0.625	1.028
0.598	1.028
0.571	1.028
0.543	1.028
0.516	1.028
0.489	1.028
0.462	1.028
0.435	1.028
0.408	1.028
0.380	1.028
0.353	1.028
0.326	1.028
0.299	1.028
0.272	1.028
0.245	1.028
0.217	1.028
0.190	1.028
0.163	1.028
0.136	1.028
0.109	1.028
0.082	1.028
0.054	1.028
0.027	1.028
0.000	1.028
0.465	1.781
0.426	1.822
0.379	1.854
0.326	1.875
0.326	1.875
0.275	1.921
0.236	1.978
0.236	1.978
0.213	2.038
0.226	2.102
0.226	2.102
0.255	2.152
0.255	2.152
0.185	2.197
0.185	2.197
0.160	2.261
0.168	2.329
0.168	2.329
0.179	2.382
0.191	2.435
0.204	2.488
0.218	2.540
0.233	2.592
0.249	2.644
0.267	2.696
0.285	2.747
0.304	2.797
0.324	2.848
0.346	2.898
0.346	2.898
0.360	2.932
0.375	2.967
0.375	2.967
0.391	3.002
0.406	3.036
0.406	3.036
0.421	3.071
0.437	3.105
0.437	3.105
0.450	3.132
0.463	3.160
0.475	3.187
0.488	3.214
0.501	3.242
0.501	3.242
0.517	3.276
0.533	3.310
0.533	3.310
0.567	3.358
0.589	3.413
0.589	3.413
0.595	3.479
0.595	3.546
0.589	3.613
0.589	3.613
0.593	3.682
0.610	3.749
0.641	3.810
0.641	3.810
0.676	3.857
0.714	3.900
0.756	3.941
0.801	3.978
0.849	4.011
0.899	4.041
0.899	4.041
0.947	4.102
0.947	4.102
0.920	4.155
0.920	4.155
0.934	4.208
0.951	4.260
0.972	4.310
0.996	4.359
1.023	4.407
1.052	4.453
1.052	4.453
1.104	4.508
1.133	4.578
1.133	4.578
1.138	4.586
1.138	4.586
1.158	4.608
1.178	4.631
1.198	4.653
1.217	4.675
1.237	4.698
1.237	4.698
1.276	4.746
1.318	4.791
1.363	4.833
1.411	4.873
1.461	4.910
1.513	4.943
1.513	4.943
1.566	4.975
1.622	4.997
1.682	5.010
1.743	5.013
1.743	5.013
1.843	5.018
1.843	5.018
1.889	5.047
1.937	5.075
1.985	5.102
2.034	5.127
2.084	5.152
2.134	5.174
2.134	5.174
2.188	5.196
2.241	5.216
2.296	5.235
2.351	5.250
2.407	5.264
2.464	5.276
2.521	5.286
2.578	5.293
2.635	5.298
2.692	5.301
2.750	5.302
2.808	5.301
2.865	5.297
2.922	5.291
2.922	5.291
2.978	5.277
3.034	5.267
3.090	5.261
3.147	5.259
3.204	5.260
3.204	5.260
3.238	5.260
3.272	5.260
3.306	5.260
3.339	5.260
3.339	5.260
3.373	5.260
3.407	5.260
3.441	5.260
3.474	5.260
3.474	5.260
3.503	5.261
3.532	5.261
3.561	5.261
3.590	5.261
3.619	5.262
3.648	5.262
3.677	5.262
3.706	5.262
3.734	5.263
3.763	5.263
3.792	5.263
3.821	5.263
3.850	5.264
3.879	5.264
3.879	5.264
3.913	5.264
3.947	5.264
3.980	5.264
4.014	5.264
4.014	5.264
4.042	5.264
4.071	5.263
4.099	5.263
4.128	5.263
4.156	5.262
4.156	5.262
4.219	5.237
4.257	5.182
4.260	5.114
4.260	5.114
4.258	5.104
4.258	5.104
4.251	5.075
4.243	5.046
4.236	5.018
4.229	4.989
4.221	4.961
4.214	4.932
4.207	4.903
4.199	4.875
4.199	4.875
4.192	4.846
4.184	4.818
4.177	4.789
4.169	4.760
4.162	4.732
4.154	4.703
4.147	4.675
4.139	4.646
4.139	4.646
4.135	4.629
4.135	4.629
4.126	4.598
4.118	4.566
4.110	4.535
4.110	4.535
4.102	4.506
4.094	4.477
4.086	4.447
4.078	4.418
4.078	4.418
4.071	4.391
4.064	4.364
4.056	4.337
4.049	4.311
4.042	4.284
4.035	4.257
4.027	4.230
4.020	4.203
4.013	4.176
4.005	4.150
3.998	4.123
3.991	4.096
3.984	4.069
3.976	4.042
3.969	4.015
3.962	3.989
3.954	3.962
3.954	3.962
3.947	3.936
3.940	3.909
3.933	3.883
3.925	3.857
3.918	3.830
3.911	3.804
3.903	3.778
3.896	3.752
3.889	3.725
3.882	3.699
3.874	3.673
3.867	3.646
3.860	3.620
3.852	3.594
3.845	3.568
3.838	3.541
3.831	3.515
3.823	3.489
3.816	3.463
3.809	3.436
3.802	3.410
3.794	3.384
3.787	3.357
3.780	3.331
3.772	3.305
3.765	3.279
3.765	3.279
3.759	3.252
3.752	3.226
3.745	3.199
3.739	3.173
3.732	3.147
3.726	3.120
3.719	3.094
3.712	3.067
3.706	3.041
3.699	3.014
3.693	2.988
3.686	2.962
3.679	2.935
3.673	2.909
3.666	2.882
3.659	2.856
3.653	2.830
3.653	2.830
3.646	2.802
3.639	2.774
3.631	2.745
3.624	2.717
3.617	2.689
3.610	2.661
3.603	2.633
3.596	2.605
3.596	2.605
3.588	2.577
3.581	2.549
3.574	2.521
3.567	2.493
3.559	2.465
3.552	2.437
3.545	2.409
3.537	2.381
3.537	2.381
3.530	2.353
3.522	2.325
3.515	2.298
3.508	2.270
3.500	2.242
3.493	2.214
3.485	2.186
3.478	2.158
3.478	2.158
3.470	2.130
3.462	2.102
3.454	2.074
3.447	2.046
3.439	2.018
3.431	1.991
3.423	1.963
3.416	1.935
3.416	1.935
3.408	1.907
3.400	1.879
3.392	1.851
3.384	1.824
3.376	1.796
3.368	1.768
3.360	1.740
3.352	1.713
3.352	1.713
3.343	1.685
3.335	1.657
3.327	1.629
3.318	1.602
3.310	1.574
3.301	1.546
3.293	1.519
3.285	1.491
3.285	1.491
3.222	1.437
3.222	1.437
3.162	1.426
3.102	1.426
3.102	1.426
3.071	1.424
3.040	1.423
3.009	1.421
3.009	1.421
2.950	1.419
2.891	1.418
2.831	1.418
2.772	1.418
2.713	1.419
2.654	1.422
2.595	1.425
2.536	1.428
2.477	1.433
2.418	1.439
2.359	1.445
2.359	1.445
2.306	1.457
2.252	1.471
2.199	1.486
2.147	1.503
2.095	1.521
2.044	1.541
1.993	1.562
1.943	1.585
1.894	1.610
1.845	1.636
1.797	1.663
1.750	1.692
1.704	1.722
1.659	1.754
1.615	1.787
1.572	1.821
1.530	1.856
1.488	1.893
1.488	1.893
1.435	1.962
1.435	1.962
1.383	1.944
1.337	1.914
1.337	1.914
1.308	1.898
1.280	1.881
1.251	1.864
1.223	1.848
1.223	1.848
1.192	1.830
1.162	1.813
1.162	1.813
1.114	1.787
1.064	1.764
1.013	1.745
0.961	1.729
0.908	1.716
0.854	1.707
0.800	1.702
0.745	1.700
0.691	1.701
0.636	1.706
0.636	1.706
0.575	1.720
0.517	1.745
0.465	1.781
0.499	1.857
0.444	1.914
0.370	1.943
0.370	1.943
0.320	1.991
0.290	2.053
0.290	2.053
0.337	2.018
0.388	1.988
0.441	1.964
0.441	1.964
0.497	1.959
0.552	1.966
0.604	1.983
0.604	1.983
0.658	2.011
0.710	2.041
0.762	2.072
0.812	2.105
0.861	2.140
0.909	2.177
0.909	2.177
0.959	2.215
1.019	2.233
1.019	2.233
1.073	2.218
1.124	2.194
1.124	2.194
1.176	2.184
1.219	2.216
1.219	2.216
1.180	2.284
1.180	2.284
1.117	2.310
1.050	2.323
0.982	2.323
0.982	2.323
0.928	2.301
0.876	2.275
0.826	2.244
0.779	2.210
0.735	2.171
0.735	2.171
0.688	2.133
0.637	2.100
0.582	2.074
0.524	2.056
0.524	2.056
0.467	2.056
0.414	2.075
0.370	2.111
0.340	2.159
0.340	2.159
0.356	2.172
0.356	2.172
0.414	2.177
0.469	2.194
0.520	2.223
0.520	2.223
0.549	2.277
0.561	2.337
0.561	2.337
0.577	2.389
0.577	2.389
0.592	2.416
0.607	2.442
0.623	2.468
0.638	2.495
0.653	2.521
0.668	2.547
0.668	2.547
0.684	2.573
0.699	2.598
0.714	2.624
0.729	2.649
0.744	2.675
0.759	2.700
0.774	2.726
0.774	2.726
0.788	2.749
0.802	2.772
0.816	2.796
0.831	2.819
0.845	2.842
0.859	2.865
0.873	2.889
0.887	2.912
0.887	2.912
0.902	2.938
0.918	2.964
0.934	2.990
0.950	3.016
0.966	3.042
0.982	3.068
0.997	3.094
0.997	3.094
1.012	3.117
1.026	3.140
1.041	3.164
1.055	3.187
1.069	3.211
1.084	3.234
1.098	3.257
1.098	3.257
1.115	3.284
1.132	3.311
1.148	3.337
1.165	3.364
1.182	3.390
1.182	3.390
1.201	3.420
1.220	3.450
1.239	3.480
1.239	3.480
1.263	3.513
1.263	3.513
1.299	3.457
1.339	3.405
1.339	3.405
1.436	3.373
1.436	3.373
1.441	3.363
1.441	3.363
1.448	3.335
1.455	3.308
1.462	3.280
1.469	3.253
1.476	3.225
1.483	3.198
1.490	3.171
1.496	3.143
1.503	3.116
1.510	3.088
1.510	3.088
1.519	3.031
1.531	2.975
1.547	2.920
1.567	2.866
1.590	2.814
1.617	2.763
1.647	2.714
1.680	2.667
1.716	2.623
1.716	2.623
1.771	2.564
1.839	2.521
1.839	2.521
1.898	2.509
1.957	2.493
1.957	2.493
1.962	2.489
1.962	2.489
1.906	2.433
1.847	2.380
1.847	2.380
1.822	2.358
1.796	2.337
1.796	2.337
1.770	2.315
1.744	2.293
1.744	2.293
1.692	2.252
1.639	2.212
1.585	2.174
1.585	2.174
1.553	2.151
1.520	2.128
1.520	2.128
1.497	2.113
1.474	2.097
1.452	2.082
1.452	2.082
1.418	2.060
1.384	2.038
1.384	2.038
1.359	2.022
1.334	2.006
1.308	1.990
1.283	1.974
1.258	1.958
1.258	1.958
1.231	1.942
1.205	1.925
1.205	1.925
1.156	1.898
1.106	1.873
1.055	1.851
1.003	1.832
0.949	1.816
0.895	1.804
0.840	1.795
0.785	1.789
0.729	1.787
0.674	1.787
0.674	1.787
0.611	1.799
0.552	1.822
0.499	1.857
0.284	2.246
0.252	2.263
0.284	2.246
0.339	2.272
0.389	2.306
0.434	2.347
0.471	2.396
0.471	2.396
0.486	2.421
0.502	2.445
0.517	2.470
0.533	2.495
0.548	2.520
0.548	2.520
0.563	2.545
0.579	2.570
0.594	2.595
0.609	2.620
0.624	2.645
0.624	2.645
0.639	2.670
0.654	2.695
0.668	2.720
0.683	2.746
0.698	2.771
0.698	2.771
0.712	2.794
0.726	2.818
0.739	2.842
0.753	2.866
0.767	2.889
0.781	2.913
0.795	2.937
0.808	2.960
0.822	2.984
0.836	3.008
0.850	3.031
0.864	3.055
0.877	3.079
0.891	3.103
0.905	3.126
0.919	3.150
0.919	3.150
0.934	3.175
0.949	3.200
0.964	3.225
0.979	3.250
0.993	3.276
0.993	3.276
1.008	3.299
1.023	3.323
1.037	3.347
1.052	3.371
1.066	3.394
1.081	3.418
1.095	3.442
1.110	3.466
1.125	3.489
1.125	3.489
1.156	3.535
1.191	3.576
1.231	3.613
1.275	3.646
1.275	3.646
1.333	3.666
1.392	3.679
1.452	3.685
1.513	3.682
1.513	3.682
1.573	3.679
1.633	3.677
1.693	3.678
1.754	3.682
1.814	3.688
1.814	3.688
1.862	3.740
1.862	3.740
1.921	3.770
1.986	3.782
1.986	3.782
2.047	3.788
2.109	3.792
2.171	3.793
2.233	3.792
2.295	3.788
2.295	3.788
2.325	3.788
2.354	3.789
2.354	3.789
2.383	3.790
2.412	3.791
2.412	3.791
2.474	3.797
2.534	3.810
2.592	3.831
2.647	3.859
2.698	3.894
2.745	3.934
2.786	3.980
2.786	3.980
2.765	3.983
2.765	3.983
2.713	3.983
2.713	3.983
2.684	3.982
2.656	3.982
2.627	3.981
2.598	3.981
2.570	3.980
2.541	3.980
2.541	3.980
2.484	3.979
2.426	3.979
2.369	3.981
2.311	3.983
2.254	3.986
2.197	3.991
2.140	3.996
2.140	3.996
2.107	4.024
2.107	4.024
2.066	4.092
1.996	4.129
1.996	4.129
1.922	4.140
1.846	4.143
1.846	4.143
1.815	4.145
1.783	4.147
1.783	4.147
1.752	4.148
1.721	4.149
1.689	4.150
1.658	4.151
1.658	4.151
1.626	4.152
1.595	4.153
1.563	4.153
1.532	4.154
1.501	4.155
1.469	4.155
1.469	4.155
1.411	4.157
1.353	4.154
1.295	4.146
1.238	4.133
1.182	4.115
1.129	4.092
1.129	4.092
1.075	4.069
1.023	4.042
0.972	4.012
0.923	3.980
0.876	3.944
0.831	3.906
0.789	3.866
0.749	3.823
0.749	3.823
0.711	3.771
0.685	3.712
0.671	3.650
0.671	3.585
0.671	3.585
0.678	3.522
0.678	3.458
0.671	3.394
0.671	3.394
0.652	3.340
0.632	3.287
0.611	3.235
0.589	3.183
0.566	3.131
0.541	3.080
0.515	3.029
0.515	3.029
0.488	2.981
0.462	2.932
0.437	2.882
0.412	2.831
0.390	2.780
0.368	2.729
0.347	2.677
0.328	2.624
0.310	2.571
0.310	2.571
0.288	2.512
0.272	2.451
0.260	2.389
0.253	2.326
0.252	2.263
1.507	1.996
1.552	2.035
1.598	2.073
1.644	2.110
1.691	2.147
1.739	2.183
1.787	2.218
1.835	2.252
1.835	2.252
1.879	2.286
1.922	2.321
1.964	2.356
2.006	2.392
2.006	2.392
2.045	2.432
2.082	2.473
2.117	2.516
2.149	2.561
2.180	2.607
2.208	2.655
2.208	2.655
2.239	2.679
2.239	2.679
2.258	2.643
2.258	2.643
2.277	2.587
2.302	2.533
2.332	2.482
2.366	2.434
2.405	2.389
2.405	2.389
2.452	2.345
2.501	2.303
2.552	2.262
2.604	2.224
2.604	2.224
2.635	2.152
2.635	2.152
2.625	2.094
2.613	2.036
2.598	1.979
2.582	1.922
2.582	1.922
2.573	1.889
2.564	1.855
2.554	1.822
2.554	1.822
2.544	1.788
2.534	1.754
2.524	1.720
2.524	1.720
2.516	1.693
2.508	1.667
2.500	1.640
2.492	1.614
2.484	1.588
2.476	1.561
2.467	1.535
2.467	1.535
2.424	1.519
2.424	1.519
2.361	1.533
2.299	1.549
2.238	1.566
2.177	1.585
2.177	1.585
2.123	1.603
2.070	1.623
2.017	1.644
1.966	1.668
1.915	1.693
1.865	1.720
1.816	1.749
1.768	1.779
1.721	1.811
1.676	1.845
1.631	1.881
1.588	1.918
1.547	1.956
1.507	1.996
1.860	2.556
1.937	2.537
2.015	2.549
2.015	2.549
2.057	2.587
2.095	2.631
2.127	2.678
2.154	2.729
2.174	2.783
2.174	2.783
2.197	2.838
2.214	2.895
2.228	2.953
2.237	3.013
2.240	3.072
2.240	3.132
2.234	3.192
2.224	3.250
2.224	3.250
2.199	3.307
2.168	3.360
2.130	3.408
2.130	3.408
2.120	3.464
2.164	3.501
2.164	3.501
2.215	3.464
2.215	3.464
2.252	3.415
2.283	3.361
2.306	3.304
2.321	3.243
2.327	3.182
2.326	3.120
2.316	3.059
2.316	3.059
2.306	3.000
2.300	2.940
2.300	2.880
2.300	2.880
2.322	2.828
2.353	2.781
2.394	2.742
2.394	2.742
2.437	2.708
2.481	2.675
2.527	2.643
2.573	2.612
2.620	2.583
2.668	2.556
2.717	2.530
2.717	2.530
2.736	2.533
2.736	2.533
2.743	2.559
2.751	2.586
2.759	2.613
2.767	2.639
2.774	2.666
2.782	2.692
2.790	2.719
2.797	2.745
2.805	2.772
2.813	2.798
2.821	2.825
2.828	2.851
2.828	2.851
2.836	2.879
2.844	2.907
2.852	2.934
2.860	2.962
2.860	2.962
2.877	3.024
2.893	3.087
2.908	3.149
2.921	3.212
2.921	3.212
2.896	3.276
2.896	3.276
2.851	3.310
2.805	3.341
2.757	3.371
2.757	3.371
2.715	3.406
2.675	3.445
2.639	3.487
2.606	3.532
2.606	3.532
2.549	3.578
2.479	3.599
2.479	3.599
2.425	3.602
2.371	3.605
2.316	3.607
2.262	3.608
2.207	3.608
2.153	3.608
2.098	3.607
2.098	3.607
2.039	3.607
1.981	3.606
1.922	3.604
1.863	3.601
1.805	3.598
1.746	3.593
1.688	3.587
1.688	3.587
1.652	3.491
1.652	3.491
1.629	3.438
1.586	3.400
1.586	3.400
1.534	3.373
1.508	3.321
1.508	3.321
1.512	3.265
1.521	3.210
1.536	3.156
1.536	3.156
1.546	3.102
1.559	3.049
1.575	2.996
1.592	2.944
1.612	2.893
1.634	2.843
1.658	2.794
1.684	2.746
1.712	2.699
1.712	2.699
1.754	2.644
1.804	2.596
1.860	2.556
2.322	2.736
2.322	2.746
2.322	2.746
2.324	2.751
2.324	2.751
2.331	2.749
2.331	2.749
2.344	2.739
2.344	2.739
2.387	2.699
2.431	2.660
2.477	2.623
2.477	2.623
2.527	2.592
2.579	2.563
2.632	2.535
2.685	2.510
2.685	2.510
2.718	2.467
2.718	2.467
2.707	2.404
2.688	2.344
2.661	2.287
2.661	2.287
2.616	2.324
2.572	2.363
2.530	2.403
2.489	2.445
2.450	2.489
2.413	2.534
2.413	2.534
2.382	2.580
2.356	2.630
2.336	2.682
2.322	2.736
2.750	3.478
2.697	3.525
2.646	3.575
2.598	3.627
2.750	3.478
2.795	3.437
2.842	3.399
2.892	3.365
2.945	3.335
2.945	3.335
2.955	3.368
2.966	3.402
2.966	3.402
2.974	3.431
2.982	3.460
2.990	3.488
2.999	3.517
3.007	3.546
3.015	3.575
3.015	3.575
3.023	3.603
3.030	3.630
3.037	3.657
3.045	3.684
3.052	3.712
3.060	3.739
3.067	3.766
3.075	3.793
3.082	3.821
3.082	3.821
3.090	3.849
3.098	3.877
3.105	3.905
3.113	3.933
3.120	3.961
3.128	3.989
3.136	4.017
3.143	4.045
3.151	4.073
3.159	4.102
3.159	4.102
3.166	4.128
3.173	4.154
3.180	4.181
3.187	4.207
3.194	4.233
3.201	4.260
3.208	4.286
3.215	4.312
3.222	4.339
3.229	4.365
3.236	4.391
3.243	4.418
3.250	4.444
3.257	4.471
3.264	4.497
3.271	4.523
3.278	4.550
3.285	4.576
3.292	4.602
3.299	4.629
3.299	4.629
3.306	4.658
3.314	4.687
3.321	4.716
3.329	4.746
3.336	4.775
3.344	4.804
3.344	4.804
3.352	4.838
3.360	4.873
3.360	4.873
3.354	4.877
3.354	4.877
3.295	4.896
3.233	4.905
3.233	4.905
3.179	4.910
3.124	4.913
3.069	4.914
3.014	4.912
2.959	4.909
2.904	4.904
2.904	4.904
2.842	4.901
2.780	4.893
2.718	4.882
2.657	4.867
2.598	4.848
2.539	4.825
2.539	4.825
2.481	4.801
2.423	4.775
2.366	4.749
2.366	4.749
2.337	4.735
2.309	4.721
2.309	4.721
2.281	4.707
2.252	4.692
2.224	4.678
2.196	4.664
2.196	4.664
2.180	4.623
2.180	4.623
2.189	4.565
2.201	4.507
2.216	4.450
2.216	4.450
2.222	4.395
2.213	4.339
2.191	4.288
2.156	4.244
2.156	4.244
2.096	4.228
2.034	4.233
2.034	4.233
1.964	4.273
1.964	4.273
1.953	4.339
1.958	4.406
1.958	4.406
1.934	4.427
1.934	4.427
1.897	4.381
1.863	4.334
1.830	4.286
1.800	4.236
1.800	4.236
1.808	4.233
1.808	4.233
1.863	4.225
1.917	4.219
1.971	4.214
1.971	4.214
2.040	4.193
2.097	4.150
2.097	4.150
2.138	4.107
2.190	4.077
2.190	4.077
2.250	4.070
2.310	4.066
2.370	4.065
2.430	4.068
2.430	4.068
2.488	4.072
2.545	4.075
2.603	4.076
2.660	4.075
2.718	4.073
2.775	4.070
2.832	4.065
2.832	4.065
2.846	4.060
2.846	4.060
2.856	4.050
2.856	4.050
2.881	4.000
2.890	3.945
2.883	3.889
2.883	3.889
2.856	3.841
2.824	3.797
2.787	3.757
2.745	3.722
2.745	3.722
2.697	3.689
2.646	3.661
2.592	3.637
2.592	3.637
2.598	3.627
2.483	3.690
2.542	3.708
2.599	3.731
2.655	3.758
2.708	3.790
2.708	3.790
2.750	3.826
2.784	3.869
2.811	3.918
2.811	3.918
2.778	3.907
2.778	3.907
2.736	3.864
2.689	3.827
2.637	3.797
2.582	3.774
2.525	3.758
2.525	3.758
2.460	3.747
2.394	3.740
2.329	3.736
2.263	3.736
2.263	3.736
2.233	3.736
2.203	3.736
2.173	3.736
2.143	3.736
2.114	3.737
2.084	3.737
2.084	3.737
2.055	3.736
2.026	3.735
1.996	3.734
1.996	3.734
1.936	3.721
1.883	3.689
1.883	3.689
1.881	3.684
1.881	3.684
1.936	3.680
1.990	3.676
2.045	3.674
2.100	3.672
2.155	3.672
2.210	3.673
2.264	3.674
2.319	3.677
2.374	3.680
2.428	3.685
2.483	3.690
1.583	3.590
1.587	3.537
1.587	3.537
1.556	3.474
1.494	3.440
1.494	3.440
1.436	3.446
1.387	3.479
1.360	3.530
1.360	3.530
1.357	3.569
1.357	3.569
1.431	3.585
1.507	3.594
1.507	3.594
1.583	3.590
1.307	4.252
1.309	4.263
1.307	4.252
1.367	4.245
1.427	4.241
1.487	4.241
1.547	4.243
1.606	4.248
1.666	4.256
1.725	4.267
1.725	4.267
1.767	4.306
1.790	4.357
1.790	4.357
1.771	4.441
1.771	4.441
1.720	4.503
1.653	4.545
1.653	4.545
1.593	4.559
1.531	4.557
1.472	4.539
1.472	4.539
1.430	4.495
1.397	4.443
1.397	4.443
1.363	4.385
1.334	4.325
1.309	4.263
1.331	4.439
1.318	4.456
1.331	4.439
1.313	4.385
1.290	4.335
1.260	4.287
1.226	4.243
1.226	4.243
1.179	4.211
1.127	4.187
1.073	4.172
1.017	4.165
1.017	4.165
1.018	4.175
1.018	4.175
1.038	4.234
1.063	4.292
1.091	4.347
1.123	4.401
1.123	4.401
1.170	4.456
1.170	4.456
1.244	4.470
1.318	4.456
1.323	4.514
1.368	4.511
1.323	4.514
1.264	4.515
1.207	4.530
1.207	4.530
1.211	4.539
1.211	4.539
1.246	4.586
1.284	4.630
1.325	4.672
1.368	4.711
1.414	4.747
1.414	4.747
1.493	4.723
1.493	4.723
1.510	4.695
1.510	4.695
1.479	4.645
1.445	4.598
1.408	4.553
1.368	4.511
1.524	4.628
1.519	4.617
1.524	4.628
1.571	4.691
1.624	4.750
1.624	4.750
1.671	4.792
1.726	4.821
1.726	4.821
1.791	4.817
1.853	4.798
1.909	4.763
1.909	4.763
1.964	4.704
2.006	4.636
2.006	4.636
2.008	4.613
2.008	4.613
1.960	4.561
1.910	4.511
1.858	4.462
1.858	4.462
1.828	4.451
1.828	4.451
1.809	4.480
1.790	4.509
1.790	4.509
1.772	4.534
1.772	4.534
1.718	4.580
1.650	4.600
1.650	4.600
1.584	4.608
1.519	4.617
1.547	4.755
1.609	4.788
1.547	4.755
1.472	4.792
1.472	4.792
1.487	4.819
1.487	4.819
1.545	4.856
1.607	4.887
1.672	4.910
1.672	4.910
1.712	4.923
1.712	4.923
1.732	4.918
1.732	4.918
1.731	4.916
1.731	4.916
1.694	4.870
1.653	4.827
1.609	4.788
1.775	4.873
1.839	4.852
1.903	4.831
1.903	4.831
1.960	4.799
2.002	4.750
2.002	4.750
2.021	4.719
2.040	4.688
2.040	4.688
2.050	4.676
2.050	4.676
2.090	4.680
2.090	4.680
2.148	4.713
2.204	4.750
2.258	4.788
2.258	4.788
2.259	4.860
2.259	4.860
2.229	4.935
2.176	4.996
2.176	4.996
2.130	5.024
2.077	5.038
2.077	5.038
2.019	5.022
1.964	4.996
1.964	4.996
1.901	4.963
1.840	4.925
1.782	4.882
1.782	4.882
1.775	4.873
2.086	4.603
2.035	4.572
1.999	4.523
2.086	4.603
2.093	4.604
2.093	4.604
2.126	4.541
2.143	4.471
2.143	4.399
2.143	4.399
2.120	4.337
2.061	4.307
2.061	4.307
2.036	4.334
2.036	4.334
2.012	4.394
2.000	4.458
1.999	4.523
2.322	4.845
2.316	4.858
2.316	4.858
2.304	4.891
2.293	4.925
2.293	4.925
2.269	4.977
2.232	5.021
2.232	5.021
2.149	5.085
2.149	5.085
2.204	5.108
2.260	5.129
2.317	5.149
2.374	5.166
2.374	5.166
2.410	5.171
2.410	5.171
2.456	5.141
2.491	5.098
2.491	5.098
2.525	5.026
2.543	4.948
2.543	4.948
2.531	4.914
2.531	4.914
2.477	4.887
2.422	4.865
2.365	4.847
2.365	4.847
2.322	4.845
2.617	4.938
2.719	4.955
2.617	4.938
2.597	4.982
2.597	4.982
2.577	5.053
2.548	5.121
2.548	5.121
2.492	5.185
2.492	5.185
2.500	5.189
2.500	5.189
2.553	5.199
2.607	5.203
2.607	5.203
2.665	5.210
2.723	5.208
2.779	5.197
2.779	5.197
2.773	5.103
2.773	5.103
2.753	5.027
2.719	4.955
4.611	4.629
4.633	4.702
4.659	4.775
4.611	4.629
4.602	4.598
4.593	4.566
4.584	4.535
4.584	4.535
4.577	4.509
4.570	4.482
4.562	4.456
4.555	4.430
4.547	4.403
4.540	4.377
4.532	4.350
4.532	4.350
4.524	4.318
4.515	4.286
4.506	4.254
4.497	4.221
4.497	4.221
4.489	4.194
4.482	4.166
4.474	4.139
4.467	4.111
4.459	4.083
4.459	4.083
4.452	4.055
4.445	4.027
4.437	3.999
4.430	3.971
4.422	3.943
4.422	3.943
4.416	3.916
4.409	3.888
4.402	3.861
4.395	3.834
4.388	3.807
4.388	3.807
4.367	3.743
4.353	3.678
4.346	3.612
4.346	3.545
4.346	3.545
4.354	3.487
4.370	3.431
4.394	3.377
4.426	3.328
4.465	3.284
4.510	3.247
4.560	3.216
4.614	3.194
4.614	3.194
4.679	3.182
4.745	3.178
4.811	3.180
4.811	3.180
4.840	3.180
4.868	3.180
4.897	3.179
4.925	3.179
4.954	3.178
4.983	3.178
4.983	3.178
5.013	3.178
5.043	3.178
5.073	3.178
5.103	3.178
5.133	3.178
5.163	3.177
5.163	3.177
5.190	3.178
5.217	3.178
5.245	3.178
5.272	3.178
5.299	3.178
5.327	3.178
5.354	3.178
5.381	3.178
5.409	3.178
5.436	3.178
5.463	3.178
5.491	3.178
5.518	3.178
5.545	3.179
5.573	3.179
5.600	3.179
5.627	3.179
5.627	3.179
5.657	3.179
5.686	3.178
5.715	3.178
5.715	3.178
5.749	3.176
5.749	3.176
5.742	3.136
5.742	3.136
5.733	3.102
5.724	3.069
5.716	3.035
5.716	3.035
5.708	3.005
5.700	2.975
5.692	2.945
5.684	2.915
5.676	2.885
5.676	2.885
5.669	2.858
5.661	2.831
5.654	2.803
5.646	2.776
5.639	2.748
5.631	2.721
5.624	2.693
5.616	2.666
5.609	2.638
5.601	2.611
5.594	2.583
5.586	2.556
5.579	2.528
5.572	2.501
5.572	2.501
5.564	2.473
5.556	2.446
5.549	2.418
5.541	2.390
5.533	2.362
5.526	2.335
5.518	2.307
5.510	2.279
5.503	2.252
5.495	2.224
5.487	2.196
5.480	2.169
5.472	2.141
5.464	2.113
5.457	2.086
5.449	2.058
5.449	2.058
5.442	2.031
5.434	2.005
5.427	1.978
5.420	1.951
5.412	1.925
5.412	1.925
5.380	1.863
5.330	1.813
5.268	1.781
5.268	1.781
5.208	1.775
5.148	1.772
5.088	1.770
5.028	1.769
4.968	1.771
4.908	1.773
4.908	1.773
4.881	1.775
4.853	1.777
4.853	1.777
4.784	1.785
4.784	1.785
4.735	1.832
4.719	1.897
4.719	1.897
4.724	1.945
4.724	1.945
4.733	1.974
4.742	2.004
4.751	2.033
4.760	2.063
4.769	2.092
4.778	2.122
4.786	2.152
4.786	2.152
4.806	2.209
4.823	2.266
4.838	2.325
4.851	2.384
4.861	2.443
4.861	2.443
4.850	2.495
4.850	2.495
4.792	2.502
4.733	2.507
4.675	2.512
4.616	2.515
4.558	2.518
4.499	2.519
4.440	2.520
4.382	2.520
4.382	2.520
4.351	2.519
4.320	2.518
4.289	2.518
4.289	2.518
4.259	2.517
4.228	2.516
4.197	2.514
4.167	2.513
4.136	2.512
4.105	2.511
4.105	2.511
4.040	2.464
4.040	2.464
4.021	2.413
4.003	2.361
3.987	2.309
3.971	2.257
3.957	2.204
3.943	2.152
3.943	2.152
3.936	2.120
3.928	2.089
3.921	2.058
3.921	2.058
3.914	2.031
3.907	2.003
3.901	1.976
3.894	1.949
3.887	1.921
3.887	1.921
3.879	1.879
3.879	1.879
3.876	1.823
3.881	1.767
3.893	1.713
3.913	1.660
3.940	1.611
3.974	1.567
4.014	1.527
4.059	1.494
4.059	1.494
4.113	1.468
4.169	1.449
4.227	1.437
4.286	1.432
4.286	1.432
4.313	1.431
4.340	1.430
4.368	1.430
4.395	1.429
4.422	1.428
4.449	1.427
4.449	1.427
4.476	1.427
4.503	1.427
4.531	1.426
4.558	1.426
4.585	1.425
4.612	1.425
4.612	1.425
4.639	1.425
4.666	1.425
4.694	1.424
4.721	1.424
4.748	1.424
4.775	1.424
4.775	1.424
4.802	1.424
4.829	1.424
4.857	1.424
4.884	1.424
4.911	1.424
4.938	1.424
4.938	1.424
4.965	1.424
4.992	1.425
5.020	1.425
5.047	1.425
5.074	1.425
5.101	1.425
5.101	1.425
5.128	1.426
5.155	1.426
5.183	1.427
5.210	1.427
5.237	1.427
5.264	1.428
5.291	1.428
5.318	1.428
5.346	1.429
5.373	1.429
5.400	1.429
5.427	1.430
5.454	1.430
5.482	1.430
5.509	1.431
5.536	1.431
5.563	1.431
5.590	1.432
5.590	1.432
5.625	1.433
5.625	1.433
5.683	1.440
5.740	1.453
5.796	1.471
5.849	1.494
5.900	1.523
5.948	1.557
5.948	1.557
5.994	1.587
6.038	1.621
6.080	1.659
6.118	1.699
6.153	1.742
6.185	1.788
6.213	1.836
6.213	1.836
6.248	1.922
6.248	1.922
6.256	1.949
6.264	1.976
6.272	2.003
6.280	2.031
6.288	2.058
6.288	2.058
6.297	2.089
6.306	2.120
6.315	2.152
6.315	2.152
6.323	2.178
6.323	2.178
6.331	2.206
6.339	2.235
6.347	2.263
6.355	2.292
6.363	2.320
6.371	2.349
6.379	2.377
6.387	2.406
6.395	2.434
6.395	2.434
6.403	2.463
6.411	2.492
6.418	2.520
6.426	2.549
6.434	2.577
6.442	2.606
6.450	2.635
6.457	2.663
6.465	2.692
6.465	2.692
6.473	2.720
6.480	2.749
6.488	2.778
6.496	2.806
6.503	2.835
6.511	2.864
6.518	2.892
6.526	2.921
6.534	2.950
6.534	2.950
6.541	2.978
6.549	3.007
6.556	3.036
6.564	3.064
6.571	3.093
6.578	3.122
6.586	3.150
6.593	3.179
6.601	3.208
6.601	3.208
6.608	3.237
6.616	3.265
6.623	3.294
6.630	3.323
6.638	3.351
6.645	3.380
6.652	3.409
6.660	3.438
6.667	3.466
6.667	3.466
6.674	3.494
6.681	3.521
6.688	3.548
6.694	3.575
6.701	3.602
6.708	3.630
6.715	3.657
6.722	3.684
6.729	3.711
6.736	3.739
6.743	3.766
6.749	3.793
6.756	3.820
6.763	3.847
6.770	3.875
6.777	3.902
6.784	3.929
6.791	3.956
6.797	3.984
6.797	3.984
6.805	4.011
6.813	4.039
6.821	4.067
6.829	4.094
6.837	4.122
6.845	4.149
6.853	4.177
6.860	4.205
6.868	4.232
6.876	4.260
6.884	4.288
6.884	4.288
6.892	4.317
6.900	4.346
6.908	4.375
6.916	4.404
6.924	4.433
6.932	4.462
6.939	4.491
6.939	4.491
6.951	4.535
6.951	4.535
6.959	4.566
6.967	4.598
6.975	4.629
6.975	4.629
6.983	4.662
6.992	4.695
6.992	4.695
7.011	4.753
7.023	4.812
7.025	4.873
7.019	4.934
7.005	4.992
6.982	5.049
6.951	5.101
6.913	5.148
6.913	5.148
6.869	5.187
6.819	5.218
6.766	5.242
6.709	5.257
6.651	5.263
6.651	5.263
6.624	5.263
6.596	5.264
6.569	5.264
6.541	5.265
6.514	5.265
6.487	5.266
6.459	5.266
6.432	5.267
6.405	5.267
6.377	5.268
6.350	5.268
6.323	5.269
6.295	5.269
6.295	5.269
6.266	5.270
6.236	5.270
6.206	5.271
6.177	5.271
6.147	5.271
6.117	5.272
6.117	5.272
6.088	5.272
6.058	5.272
6.028	5.272
5.999	5.273
5.969	5.273
5.939	5.273
5.939	5.273
5.910	5.273
5.880	5.273
5.850	5.273
5.821	5.273
5.791	5.273
5.761	5.273
5.761	5.273
5.732	5.272
5.702	5.272
5.673	5.271
5.643	5.271
5.613	5.270
5.584	5.270
5.584	5.270
5.554	5.269
5.524	5.268
5.495	5.267
5.465	5.266
5.436	5.266
5.406	5.265
5.406	5.265
5.346	5.267
5.285	5.265
5.225	5.258
5.166	5.246
5.166	5.246
5.114	5.229
5.063	5.208
5.013	5.184
4.965	5.156
4.920	5.124
4.877	5.090
4.836	5.052
4.799	5.012
4.764	4.969
4.732	4.923
4.704	4.875
4.680	4.826
4.659	4.775
5.493	4.794
5.487	4.779
5.487	4.779
5.479	4.752
5.471	4.726
5.463	4.699
5.454	4.672
5.446	4.645
5.446	4.645
5.438	4.619
5.430	4.592
5.423	4.565
5.415	4.538
5.407	4.511
5.407	4.511
5.399	4.484
5.392	4.457
5.384	4.431
5.377	4.404
5.369	4.377
5.369	4.377
5.362	4.350
5.355	4.323
5.347	4.296
5.340	4.269
5.333	4.242
5.333	4.242
5.326	4.215
5.319	4.188
5.312	4.160
5.305	4.133
5.297	4.106
5.290	4.079
5.283	4.052
5.276	4.025
5.269	3.998
5.262	3.971
5.262	3.971
5.256	3.944
5.249	3.917
5.242	3.890
5.235	3.862
5.228	3.835
5.221	3.808
5.215	3.781
5.208	3.754
5.201	3.727
5.194	3.700
5.194	3.700
5.190	3.678
5.190	3.678
5.191	3.606
5.232	3.546
5.232	3.546
5.296	3.525
5.364	3.517
5.364	3.517
5.394	3.516
5.423	3.515
5.453	3.514
5.483	3.513
5.513	3.512
5.542	3.511
5.572	3.510
5.602	3.509
5.602	3.509
5.636	3.509
5.670	3.508
5.670	3.508
5.746	3.507
5.823	3.513
5.823	3.513
5.843	3.519
5.843	3.519
5.863	3.576
5.882	3.634
5.900	3.692
5.917	3.750
5.932	3.809
5.932	3.809
5.940	3.839
5.948	3.869
5.956	3.899
5.964	3.929
5.972	3.959
5.980	3.988
5.980	3.988
5.987	4.017
5.994	4.045
6.002	4.073
6.009	4.102
6.016	4.130
6.024	4.158
6.031	4.186
6.031	4.186
6.039	4.215
6.046	4.244
6.053	4.273
6.061	4.302
6.068	4.331
6.075	4.360
6.083	4.389
6.083	4.389
6.090	4.417
6.097	4.445
6.104	4.473
6.111	4.501
6.118	4.530
6.125	4.558
6.132	4.586
6.139	4.614
6.146	4.642
6.153	4.670
6.160	4.698
6.167	4.726
6.174	4.754
6.174	4.754
6.180	4.809
6.164	4.863
6.128	4.905
6.128	4.905
6.070	4.916
6.012	4.923
5.954	4.928
5.895	4.930
5.895	4.930
5.837	4.931
5.780	4.930
5.722	4.927
5.665	4.921
5.665	4.921
5.612	4.906
5.563	4.879
5.523	4.840
5.493	4.794
7.431	4.535
7.424	4.509
7.417	4.483
7.409	4.456
7.402	4.430
7.395	4.404
7.387	4.377
7.380	4.351
7.373	4.325
7.365	4.298
7.358	4.272
7.351	4.246
7.343	4.219
7.336	4.193
7.329	4.167
7.321	4.140
7.314	4.114
7.307	4.088
7.299	4.061
7.292	4.035
7.285	4.009
7.277	3.982
7.270	3.956
7.263	3.930
7.255	3.903
7.248	3.877
7.241	3.851
7.233	3.824
7.226	3.798
7.219	3.772
7.211	3.745
7.204	3.719
7.204	3.719
7.197	3.692
7.189	3.664
7.182	3.637
7.174	3.610
7.167	3.583
7.159	3.555
7.152	3.528
7.144	3.501
7.137	3.473
7.129	3.446
7.122	3.419
7.114	3.391
7.114	3.391
7.107	3.364
7.099	3.337
7.092	3.309
7.084	3.282
7.077	3.255
7.070	3.227
7.062	3.200
7.055	3.173
7.047	3.145
7.040	3.118
7.032	3.091
7.025	3.063
7.025	3.063
7.018	3.036
7.010	3.009
7.003	2.981
6.996	2.954
6.988	2.927
6.981	2.899
6.974	2.872
6.967	2.845
6.959	2.817
6.952	2.790
6.945	2.763
6.937	2.735
6.937	2.735
6.930	2.708
6.923	2.680
6.916	2.653
6.908	2.626
6.901	2.598
6.894	2.571
6.887	2.544
6.880	2.516
6.873	2.489
6.865	2.461
6.858	2.434
6.851	2.407
6.851	2.407
6.844	2.378
6.836	2.350
6.829	2.322
6.822	2.293
6.814	2.265
6.807	2.237
6.800	2.208
6.793	2.180
6.785	2.152
6.785	2.152
6.777	2.120
6.770	2.089
6.762	2.058
6.762	2.058
6.760	2.050
6.760	2.050
6.749	1.994
6.745	1.938
6.747	1.881
6.755	1.825
6.770	1.770
6.791	1.717
6.818	1.667
6.850	1.621
6.888	1.578
6.930	1.540
6.976	1.507
7.025	1.479
7.078	1.457
7.078	1.457
7.139	1.444
7.201	1.435
7.264	1.431
7.326	1.432
7.326	1.432
7.356	1.431
7.387	1.430
7.417	1.429
7.447	1.429
7.477	1.428
7.477	1.428
7.508	1.427
7.538	1.427
7.568	1.426
7.599	1.426
7.629	1.425
7.629	1.425
7.659	1.425
7.689	1.425
7.720	1.424
7.750	1.424
7.780	1.424
7.780	1.424
7.810	1.424
7.841	1.424
7.871	1.424
7.901	1.425
7.932	1.425
7.932	1.425
7.962	1.425
7.992	1.426
8.022	1.426
8.053	1.427
8.083	1.427
8.083	1.427
8.113	1.428
8.143	1.429
8.174	1.430
8.204	1.431
8.234	1.432
8.234	1.432
8.290	1.431
8.345	1.433
8.400	1.440
8.454	1.451
8.508	1.465
8.561	1.483
8.561	1.483
8.611	1.504
8.660	1.528
8.707	1.555
8.753	1.585
8.798	1.617
8.840	1.651
8.881	1.688
8.919	1.727
8.955	1.768
8.989	1.811
9.021	1.856
9.050	1.902
9.076	1.950
9.100	2.000
9.100	2.000
9.107	2.026
9.114	2.052
9.122	2.078
9.129	2.105
9.136	2.131
9.144	2.157
9.151	2.184
9.159	2.210
9.166	2.236
9.173	2.263
9.181	2.289
9.188	2.315
9.195	2.342
9.203	2.368
9.210	2.394
9.217	2.421
9.225	2.447
9.232	2.473
9.239	2.500
9.247	2.526
9.254	2.552
9.261	2.578
9.269	2.605
9.276	2.631
9.283	2.657
9.283	2.657
9.291	2.684
9.298	2.710
9.305	2.736
9.312	2.763
9.320	2.789
9.327	2.815
9.334	2.842
9.341	2.868
9.349	2.894
9.356	2.921
9.363	2.947
9.371	2.973
9.378	3.000
9.385	3.026
9.392	3.052
9.400	3.079
9.407	3.105
9.414	3.131
9.421	3.158
9.429	3.184
9.436	3.210
9.443	3.237
9.451	3.263
9.458	3.289
9.465	3.316
9.465	3.316
9.473	3.343
9.480	3.371
9.488	3.398
9.495	3.426
9.503	3.453
9.510	3.481
9.517	3.508
9.525	3.535
9.532	3.563
9.540	3.590
9.547	3.618
9.555	3.645
9.555	3.645
9.562	3.673
9.570	3.700
9.577	3.728
9.584	3.755
9.592	3.783
9.599	3.810
9.607	3.838
9.614	3.865
9.621	3.893
9.629	3.920
9.636	3.948
9.644	3.975
9.644	3.975
9.651	4.003
9.658	4.030
9.666	4.058
9.673	4.085
9.680	4.113
9.687	4.140
9.695	4.168
9.702	4.195
9.709	4.223
9.717	4.250
9.724	4.278
9.731	4.305
9.731	4.305
9.748	4.358
9.764	4.412
9.779	4.466
9.792	4.520
9.805	4.574
9.817	4.628
9.827	4.683
9.827	4.683
9.834	4.741
9.835	4.798
9.828	4.856
9.815	4.912
9.795	4.967
9.770	5.018
9.738	5.067
9.701	5.111
9.659	5.151
9.612	5.186
9.562	5.214
9.509	5.237
9.509	5.237
9.448	5.251
9.386	5.260
9.324	5.264
9.261	5.262
9.261	5.262
9.231	5.263
9.200	5.264
9.169	5.265
9.138	5.266
9.108	5.267
9.108	5.267
9.077	5.267
9.046	5.268
9.015	5.268
8.985	5.269
8.954	5.269
8.954	5.269
8.923	5.270
8.893	5.270
8.862	5.270
8.831	5.270
8.800	5.270
8.800	5.270
8.770	5.270
8.739	5.270
8.708	5.270
8.677	5.270
8.647	5.270
8.647	5.270
8.616	5.269
8.585	5.269
8.554	5.268
8.524	5.268
8.493	5.267
8.493	5.267
8.462	5.266
8.431	5.265
8.401	5.264
8.370	5.264
8.339	5.263
8.339	5.263
8.279	5.265
8.218	5.263
8.158	5.255
8.099	5.241
8.099	5.241
8.045	5.224
7.993	5.204
7.941	5.181
7.891	5.154
7.843	5.125
7.796	5.094
7.752	5.059
7.709	5.022
7.669	4.983
7.631	4.941
7.595	4.897
7.562	4.851
7.562	4.851
7.532	4.802
7.504	4.752
7.478	4.701
7.478	4.701
7.468	4.665
7.457	4.629
7.457	4.629
7.449	4.598
7.440	4.566
7.431	4.535
8.208	4.362
8.216	4.389
8.224	4.416
8.231	4.443
8.239	4.470
8.247	4.497
8.255	4.524
8.262	4.551
8.270	4.578
8.278	4.605
8.286	4.632
8.293	4.659
8.301	4.686
8.301	4.686
8.309	4.707
8.309	4.707
8.318	4.727
8.318	4.727
8.353	4.782
8.398	4.829
8.449	4.868
8.507	4.898
8.569	4.916
8.569	4.916
8.626	4.925
8.684	4.929
8.742	4.930
8.799	4.926
8.856	4.919
8.856	4.919
8.913	4.898
8.952	4.853
8.952	4.853
8.983	4.797
8.997	4.733
8.991	4.669
8.991	4.669
8.984	4.642
8.977	4.615
8.970	4.589
8.963	4.562
8.956	4.535
8.949	4.508
8.942	4.482
8.935	4.455
8.928	4.428
8.922	4.402
8.915	4.375
8.908	4.348
8.901	4.321
8.894	4.295
8.887	4.268
8.880	4.241
8.873	4.214
8.866	4.188
8.859	4.161
8.852	4.134
8.845	4.107
8.838	4.081
8.831	4.054
8.824	4.027
8.817	4.001
8.810	3.974
8.803	3.947
8.796	3.920
8.789	3.894
8.782	3.867
8.775	3.840
8.769	3.813
8.762	3.787
8.755	3.760
8.748	3.733
8.741	3.706
8.734	3.680
8.727	3.653
8.727	3.653
8.719	3.625
8.712	3.597
8.705	3.570
8.697	3.542
8.690	3.514
8.683	3.486
8.675	3.458
8.668	3.431
8.661	3.403
8.653	3.375
8.646	3.347
8.639	3.319
8.639	3.319
8.631	3.292
8.624	3.264
8.616	3.236
8.609	3.208
8.601	3.181
8.594	3.153
8.587	3.125
8.579	3.097
8.572	3.070
8.564	3.042
8.557	3.014
8.549	2.986
8.549	2.986
8.542	2.959
8.534	2.931
8.527	2.903
8.519	2.875
8.511	2.848
8.504	2.820
8.496	2.792
8.489	2.765
8.481	2.737
8.474	2.709
8.466	2.681
8.458	2.654
8.458	2.654
8.451	2.626
8.443	2.598
8.435	2.571
8.427	2.543
8.420	2.515
8.412	2.488
8.404	2.460
8.396	2.432
8.389	2.405
8.381	2.377
8.373	2.349
8.365	2.322
8.365	2.322
8.357	2.294
8.350	2.266
8.342	2.239
8.334	2.211
8.326	2.183
8.318	2.156
8.310	2.128
8.302	2.101
8.294	2.073
8.286	2.045
8.278	2.018
8.270	1.990
8.270	1.990
8.243	1.934
8.201	1.888
8.201	1.888
8.147	1.841
8.087	1.804
8.021	1.779
8.021	1.779
7.964	1.772
7.908	1.769
7.851	1.769
7.794	1.772
7.738	1.778
7.738	1.778
7.674	1.796
7.622	1.838
7.592	1.898
7.592	1.898
7.582	1.960
7.585	2.023
7.602	2.084
7.602	2.084
7.609	2.110
7.616	2.137
7.623	2.163
7.630	2.189
7.637	2.216
7.644	2.242
7.651	2.269
7.657	2.295
7.664	2.322
7.671	2.348
7.678	2.374
7.685	2.401
7.692	2.427
7.699	2.454
7.706	2.480
7.713	2.507
7.719	2.533
7.726	2.559
7.733	2.586
7.740	2.612
7.747	2.639
7.754	2.665
7.761	2.691
7.768	2.718
7.775	2.744
7.781	2.771
7.788	2.797
7.795	2.824
7.802	2.850
7.809	2.876
7.816	2.903
7.823	2.929
7.830	2.956
7.837	2.982
7.843	3.009
7.850	3.035
7.857	3.061
7.857	3.061
7.864	3.089
7.871	3.116
7.879	3.143
7.886	3.170
7.893	3.197
7.900	3.224
7.907	3.251
7.914	3.279
7.921	3.306
7.929	3.333
7.936	3.360
7.943	3.387
7.943	3.387
7.950	3.414
7.957	3.441
7.964	3.468
7.972	3.496
7.979	3.523
7.986	3.550
7.993	3.577
8.001	3.604
8.008	3.631
8.015	3.658
8.022	3.685
8.030	3.713
8.030	3.713
8.037	3.740
8.044	3.767
8.052	3.794
8.059	3.821
8.066	3.848
8.074	3.875
8.081	3.902
8.088	3.929
8.096	3.956
8.103	3.983
8.111	4.010
8.118	4.037
8.118	4.037
8.125	4.065
8.133	4.092
8.140	4.119
8.148	4.146
8.156	4.173
8.163	4.200
8.171	4.227
8.178	4.254
8.186	4.281
8.193	4.308
8.201	4.335
8.208	4.362
