x	y
5.169	1.931
5.161	1.951
5.153	1.972
5.147	1.993
5.141	2.014
5.136	2.035
5.130	2.046
5.124	2.025
5.118	2.004
5.114	1.982
5.111	1.960
5.109	1.939
5.107	1.917
5.105	1.895
5.104	1.873
5.103	1.851
5.102	1.829
5.102	1.807
5.102	1.785
5.103	1.763
5.105	1.741
5.108	1.719
5.112	1.698
5.117	1.676
5.122	1.655
5.128	1.634
5.135	1.613
5.141	1.592
5.148	1.570
5.156	1.551
5.165	1.530
5.174	1.510
5.183	1.490
5.192	1.470
5.202	1.451
5.214	1.432
5.225	1.413
5.236	1.393
5.247	1.374
5.259	1.357
5.273	1.339
5.286	1.321
5.299	1.303
5.312	1.286
5.326	1.269
5.341	1.252
5.342	1.270
5.343	1.291
5.343	1.314
5.344	1.335
5.345	1.357
5.348	1.380
5.352	1.401
5.358	1.422
5.366	1.442
5.380	1.455
5.392	1.438
5.403	1.419
5.415	1.399
5.426	1.380
5.437	1.361
5.446	1.342
5.455	1.321
5.463	1.301
5.472	1.280
5.480	1.260
5.486	1.239
5.492	1.218
5.498	1.196
5.504	1.175
5.509	1.154
5.511	1.132
5.514	1.110
5.516	1.088
5.518	1.065
5.518	1.044
5.517	1.022
5.515	1.000
5.513	0.979
5.511	0.957
5.506	0.936
5.502	0.914
5.504	0.896
5.524	0.900
5.544	0.909
5.564	0.919
5.583	0.929
5.602	0.940
5.621	0.952
5.639	0.964
5.657	0.977
5.675	0.988
5.692	0.993
5.697	0.972
5.702	0.950
5.707	0.929
5.712	0.908
5.718	0.887
5.725	0.866
5.733	0.845
5.741	0.825
5.749	0.804
5.757	0.784
5.767	0.764
5.777	0.745
5.789	0.726
5.800	0.707
5.812	0.688
5.823	0.669
5.837	0.653
5.852	0.636
5.866	0.619
5.881	0.602
5.896	0.587
5.913	0.573
5.930	0.558
5.947	0.544
5.964	0.530
5.982	0.518
6.001	0.507
6.020	0.496
6.039	0.484
6.058	0.474
6.078	0.464
6.098	0.455
6.118	0.446
6.138	0.437
6.158	0.429
6.179	0.422
6.184	0.429
6.174	0.449
6.164	0.469
6.156	0.489
6.148	0.510
6.139	0.531
6.131	0.551
6.126	0.572
6.121	0.594
6.117	0.616
6.113	0.637
6.108	0.659
6.107	0.680
6.106	0.702
6.105	0.725
6.104	0.747
6.105	0.768
6.108	0.790
6.111	0.812
6.115	0.834
6.118	0.856
6.124	0.877
6.130	0.898
6.144	0.912
6.160	0.898
6.175	0.882
6.191	0.866
6.206	0.851
6.224	0.838
6.241	0.825
6.261	0.815
6.281	0.806
6.302	0.800
6.323	0.794
6.345	0.790
6.353	0.802
6.353	0.824
6.353	0.846
6.353	0.868
6.353	0.890
6.354	0.912
6.354	0.934
6.356	0.956
6.360	0.977
6.367	0.998
6.376	1.017
6.388	1.037
6.399	1.056
6.411	1.073
6.425	1.091
6.440	1.107
6.455	1.122
6.472	1.136
6.489	1.151
6.506	1.165
6.522	1.179
6.538	1.195
6.554	1.210
6.570	1.225
6.586	1.241
6.602	1.256
6.618	1.271
6.633	1.287
6.646	1.304
6.659	1.322
6.672	1.340
6.685	1.358
6.698	1.376
6.711	1.394
6.724	1.412
6.735	1.430
6.745	1.450
6.754	1.470
6.764	1.490
6.773	1.510
6.783	1.530
6.792	1.550
6.801	1.570
6.807	1.591
6.813	1.613
6.818	1.634
6.824	1.655
6.830	1.677
6.836	1.698
6.841	1.720
6.846	1.741
6.848	1.763
6.851	1.785
6.853	1.807
6.854	1.829
6.855	1.851
6.856	1.873
6.857	1.895
6.858	1.917
6.859	1.939
6.859	1.961
6.860	1.983
6.860	2.005
6.861	2.027
6.850	2.028
6.843	2.007
6.837	1.986
6.831	1.965
6.823	1.945
6.815	1.924
6.806	1.904
6.798	1.883
6.789	1.863
6.781	1.842
6.772	1.822
6.764	1.801
6.754	1.783
6.741	1.764
6.729	1.746
6.716	1.728
6.704	1.709
6.691	1.691
6.679	1.673
6.666	1.654
6.654	1.636
6.641	1.619
6.626	1.603
6.610	1.587
6.595	1.571
6.580	1.555
6.565	1.539
6.549	1.523
6.534	1.507
6.519	1.491
6.504	1.475
6.488	1.458
6.472	1.445
6.454	1.431
6.437	1.417
6.420	1.403
6.403	1.389
6.386	1.375
6.369	1.361
6.351	1.347
6.334	1.333
6.317	1.319
6.300	1.305
6.283	1.292
6.265	1.279
6.246	1.267
6.228	1.254
6.210	1.242
6.192	1.229
6.173	1.217
6.155	1.206
6.136	1.194
6.117	1.182
6.098	1.170
6.080	1.158
6.061	1.147
6.042	1.135
6.023	1.124
6.004	1.112
5.985	1.101
5.966	1.089
5.947	1.092
5.942	1.112
5.939	1.134
5.934	1.155
5.925	1.175
5.916	1.196
5.907	1.215
5.896	1.234
5.885	1.254
5.873	1.272
5.860	1.290
5.847	1.307
5.832	1.324
5.817	1.340
5.802	1.356
5.786	1.370
5.769	1.385
5.752	1.399
5.736	1.413
5.718	1.427
5.701	1.441
5.683	1.454
5.666	1.468
5.648	1.480
5.630	1.493
5.612	1.505
5.593	1.518
5.575	1.530
5.558	1.543
5.539	1.556
5.521	1.568
5.503	1.581
5.485	1.594
5.467	1.607
5.449	1.620
5.432	1.632
5.415	1.647
5.398	1.661
5.382	1.675
5.365	1.690
5.348	1.704
5.331	1.719
5.316	1.734
5.301	1.750
5.286	1.766
5.271	1.783
5.256	1.799
5.241	1.815
5.228	1.833
5.216	1.851
5.204	1.870
5.192	1.889
5.180	1.907
5.469	2.030
5.449	2.039
5.435	2.037
5.443	2.017
5.451	1.996
5.460	1.976
5.469	1.956
5.478	1.936
5.489	1.917
5.500	1.898
5.512	1.880
5.526	1.862
5.540	1.846
5.555	1.829
5.570	1.813
5.586	1.799
5.604	1.785
5.621	1.772
5.639	1.758
5.656	1.745
5.674	1.732
5.693	1.722
5.713	1.712
5.733	1.702
5.753	1.692
5.772	1.682
5.792	1.672
5.813	1.665
5.834	1.659
5.855	1.652
5.876	1.645
5.897	1.639
5.918	1.632
5.940	1.630
5.962	1.629
5.984	1.627
6.006	1.626
6.028	1.626
6.050	1.630
6.071	1.634
6.093	1.639
6.114	1.645
6.135	1.652
6.156	1.658
6.177	1.666
6.197	1.674
6.218	1.682
6.239	1.690
6.258	1.700
6.278	1.710
6.298	1.720
6.316	1.731
6.334	1.744
6.352	1.757
6.370	1.770
6.388	1.784
6.403	1.799
6.418	1.815
6.433	1.831
6.448	1.847
6.463	1.863
6.475	1.881
6.488	1.900
6.500	1.918
6.512	1.936
6.522	1.955
6.531	1.976
6.539	1.996
6.548	2.017
6.554	2.038
6.535	2.036
6.515	2.026
6.495	2.017
6.474	2.010
6.453	2.003
6.432	1.996
6.411	1.989
6.390	1.982
6.369	1.975
6.348	1.968
6.327	1.961
6.306	1.954
6.286	1.948
6.264	1.946
6.242	1.944
6.220	1.942
6.198	1.940
6.176	1.938
6.153	1.936
6.131	1.934
6.109	1.932
6.087	1.930
6.065	1.928
6.043	1.926
6.021	1.924
6.000	1.923
5.978	1.925
5.955	1.926
5.933	1.928
5.911	1.930
5.889	1.931
5.867	1.933
5.845	1.934
5.823	1.936
5.801	1.938
5.779	1.939
5.757	1.941
5.734	1.943
5.714	1.948
5.692	1.954
5.671	1.961
5.650	1.967
5.629	1.974
5.608	1.980
5.587	1.987
5.566	1.993
5.544	2.000
5.523	2.006
4.166	7.602
4.188	7.598
4.210	7.593
4.231	7.589
4.253	7.585
4.275	7.581
4.296	7.576
4.318	7.572
4.340	7.568
4.361	7.563
4.383	7.559
4.405	7.555
4.426	7.551
4.448	7.546
4.470	7.542
4.492	7.538
4.513	7.534
4.535	7.529
4.557	7.525
4.578	7.521
4.598	7.512
4.618	7.502
4.638	7.492
4.657	7.482
4.677	7.473
4.697	7.463
4.717	7.453
4.737	7.444
4.757	7.434
4.777	7.424
4.797	7.414
4.816	7.405
4.836	7.395
4.856	7.385
4.876	7.376
4.896	7.366
4.916	7.356
4.934	7.345
4.950	7.330
4.967	7.315
4.983	7.300
4.999	7.285
5.015	7.270
5.032	7.255
5.048	7.240
5.064	7.225
5.080	7.210
5.096	7.195
5.113	7.180
5.129	7.165
5.145	7.150
5.161	7.135
5.177	7.120
5.193	7.105
5.210	7.090
5.224	7.074
5.236	7.055
5.248	7.037
5.260	7.018
5.272	7.000
5.284	6.981
5.296	6.962
5.307	6.944
5.319	6.925
5.331	6.906
5.343	6.888
5.355	6.869
5.367	6.851
5.379	6.832
5.391	6.813
5.403	6.795
5.415	6.776
5.427	6.758
5.439	6.739
5.451	6.720
5.461	6.701
5.471	6.681
5.480	6.661
5.489	6.642
5.499	6.621
5.508	6.601
5.516	6.581
5.525	6.561
5.534	6.540
5.543	6.520
5.551	6.500
5.559	6.479
5.568	6.459
5.576	6.438
5.584	6.418
5.593	6.398
5.602	6.377
5.611	6.358
5.623	6.343
5.644	6.349
5.665	6.354
5.686	6.358
5.708	6.363
5.729	6.367
5.751	6.370
5.773	6.373
5.795	6.377
5.817	6.380
5.839	6.383
5.861	6.386
5.882	6.387
5.904	6.388
5.927	6.388
5.949	6.389
5.971	6.390
5.993	6.391
6.015	6.391
6.037	6.391
6.059	6.390
6.081	6.388
6.103	6.387
6.125	6.385
6.148	6.384
6.170	6.383
6.191	6.380
6.213	6.376
6.235	6.373
6.256	6.369
6.278	6.365
6.300	6.361
6.321	6.357
6.343	6.351
6.364	6.346
6.385	6.341
6.393	6.362
6.401	6.383
6.408	6.404
6.416	6.424
6.424	6.445
6.435	6.464
6.445	6.483
6.456	6.503
6.467	6.522
6.477	6.542
6.488	6.561
6.498	6.581
6.509	6.600
6.519	6.619
6.530	6.638
6.541	6.658
6.551	6.677
6.562	6.696
6.573	6.716
6.583	6.735
6.594	6.755
6.604	6.774
6.615	6.794
6.626	6.813
6.636	6.832
6.647	6.852
6.658	6.871
6.668	6.891
6.679	6.910
6.690	6.929
6.700	6.949
6.711	6.968
6.721	6.988
6.732	7.007
6.743	7.026
6.754	7.045
6.771	7.059
6.787	7.074
6.804	7.088
6.821	7.103
6.837	7.117
6.854	7.132
6.871	7.146
6.888	7.161
6.904	7.175
6.921	7.190
6.938	7.204
6.955	7.218
6.971	7.233
6.988	7.247
7.005	7.262
7.021	7.276
7.038	7.291
7.055	7.305
7.072	7.320
7.088	7.334
7.105	7.349
7.122	7.363
7.138	7.378
7.155	7.392
7.172	7.407
7.189	7.421
7.208	7.430
7.229	7.436
7.250	7.442
7.272	7.449
7.293	7.455
7.314	7.461
7.335	7.467
7.357	7.474
7.378	7.480
7.399	7.486
7.420	7.492
7.441	7.499
7.463	7.505
7.484	7.511
7.505	7.518
7.526	7.524
7.547	7.530
7.569	7.536
7.590	7.543
7.611	7.549
7.632	7.555
7.654	7.562
7.675	7.568
7.696	7.574
7.717	7.580
7.738	7.587
7.760	7.593
7.781	7.595
7.803	7.594
7.825	7.593
7.847	7.592
7.869	7.591
7.891	7.590
7.914	7.589
7.936	7.588
7.958	7.587
7.980	7.586
8.002	7.585
8.024	7.584
8.046	7.584
8.068	7.583
8.090	7.582
8.112	7.581
8.135	7.580
8.156	7.579
8.178	7.578
8.200	7.577
8.222	7.576
8.245	7.575
8.267	7.574
8.289	7.573
8.311	7.572
8.333	7.571
8.355	7.570
8.377	7.569
8.399	7.568
8.421	7.567
8.444	7.566
8.466	7.566
8.488	7.565
8.509	7.561
8.531	7.557
8.553	7.553
8.575	7.549
8.596	7.545
8.618	7.541
8.639	7.536
8.661	7.531
8.683	7.526
8.704	7.522
8.726	7.517
8.747	7.512
8.768	7.506
8.790	7.501
8.811	7.495
8.833	7.490
8.854	7.484
8.875	7.479
8.897	7.473
8.918	7.467
8.939	7.461
8.961	7.455
8.982	7.449
9.003	7.443
9.025	7.437
9.045	7.432
9.067	7.426
9.088	7.420
9.110	7.414
9.131	7.408
9.152	7.402
9.174	7.396
9.195	7.391
9.216	7.385
9.238	7.379
9.259	7.373
9.280	7.368
9.301	7.362
9.323	7.357
9.344	7.352
9.366	7.346
9.387	7.341
9.409	7.336
9.430	7.330
9.451	7.325
9.473	7.321
9.495	7.317
9.516	7.312
9.538	7.308
9.560	7.303
9.581	7.299
9.602	7.295
9.624	7.291
9.646	7.288
9.668	7.284
9.690	7.281
9.712	7.277
9.734	7.274
9.756	7.270
9.777	7.268
9.799	7.265
9.821	7.263
9.843	7.260
9.865	7.258
9.887	7.255
9.909	7.253
9.931	7.252
9.953	7.250
9.975	7.249
9.997	7.247
10.019	7.245
10.041	7.244
10.063	7.243
10.085	7.242
10.107	7.241
10.129	7.240
10.151	7.239
10.173	7.238
10.195	7.237
10.217	7.238
10.239	7.238
10.261	7.239
10.283	7.239
10.305	7.240
10.327	7.241
10.349	7.241
10.371	7.240
10.363	7.227
10.341	7.221
10.320	7.216
10.299	7.210
10.278	7.205
10.256	7.199
10.234	7.194
10.213	7.189
10.192	7.184
10.170	7.180
10.148	7.175
10.126	7.171
10.105	7.167
10.083	7.165
10.061	7.163
10.039	7.161
10.017	7.159
9.995	7.157
9.973	7.155
9.951	7.153
9.929	7.153
9.907	7.154
9.885	7.154
9.863	7.154
9.841	7.154
9.818	7.155
9.796	7.155
9.774	7.155
9.752	7.155
9.730	7.156
9.708	7.156
9.686	7.156
9.664	7.157
9.641	7.157
9.620	7.157
9.598	7.158
9.576	7.159
9.553	7.160
9.531	7.161
9.509	7.162
9.487	7.163
9.465	7.164
9.443	7.164
9.421	7.165
9.399	7.166
9.377	7.167
9.355	7.168
9.332	7.169
9.310	7.170
9.288	7.171
9.267	7.173
9.245	7.175
9.223	7.177
9.200	7.179
9.178	7.181
9.156	7.183
9.134	7.185
9.112	7.187
9.090	7.189
9.068	7.191
9.046	7.193
9.024	7.195
9.003	7.198
8.981	7.200
8.965	7.212
8.955	7.232
8.945	7.252
8.935	7.271
8.925	7.290
8.915	7.310
8.904	7.330
8.893	7.348
8.877	7.352
8.868	7.333
8.860	7.312
8.852	7.291
8.845	7.271
8.837	7.250
8.829	7.229
8.821	7.209
8.813	7.188
8.806	7.168
8.798	7.148
8.790	7.127
8.782	7.106
8.774	7.086
8.766	7.065
8.758	7.045
8.749	7.025
8.741	7.004
8.733	6.983
8.722	6.966
8.713	6.985
8.705	7.006
8.698	7.026
8.691	7.047
8.683	7.067
8.676	7.088
8.669	7.109
8.662	7.130
8.655	7.151
8.647	7.172
8.640	7.193
8.633	7.214
8.626	7.235
8.614	7.250
8.593	7.253
8.571	7.257
8.550	7.260
8.528	7.263
8.506	7.266
8.484	7.269
8.463	7.271
8.441	7.274
8.419	7.276
8.397	7.279
8.375	7.281
8.353	7.284
8.331	7.286
8.315	7.296
8.303	7.315
8.292	7.334
8.281	7.353
8.270	7.372
8.259	7.392
8.248	7.410
8.237	7.429
8.226	7.448
8.214	7.467
8.202	7.485
8.192	7.489
8.187	7.467
8.182	7.446
8.178	7.424
8.173	7.403
8.169	7.381
8.164	7.359
8.160	7.338
8.156	7.316
8.151	7.295
8.147	7.273
8.143	7.252
8.138	7.230
8.134	7.208
8.129	7.187
8.125	7.165
8.121	7.144
8.116	7.122
8.112	7.100
8.107	7.079
8.103	7.057
8.098	7.035
8.090	7.025
8.080	7.044
8.070	7.063
8.060	7.083
8.050	7.102
8.040	7.122
8.030	7.142
8.020	7.162
8.010	7.182
8.000	7.201
7.990	7.221
7.981	7.241
7.971	7.261
7.961	7.281
7.941	7.281
7.919	7.278
7.897	7.275
7.875	7.271
7.854	7.267
7.832	7.262
7.810	7.258
7.788	7.253
7.767	7.248
7.746	7.243
7.725	7.237
7.704	7.232
7.683	7.225
7.661	7.222
7.642	7.232
7.624	7.243
7.605	7.255
7.587	7.267
7.569	7.280
7.551	7.293
7.533	7.306
7.515	7.319
7.498	7.332
7.480	7.344
7.462	7.357
7.449	7.359
7.454	7.338
7.459	7.316
7.463	7.294
7.468	7.273
7.473	7.252
7.478	7.230
7.483	7.209
7.488	7.188
7.493	7.166
7.498	7.144
7.503	7.123
7.508	7.101
7.513	7.080
7.518	7.059
7.523	7.037
7.528	7.016
7.534	6.994
7.538	6.973
7.543	6.951
7.548	6.929
7.553	6.908
7.558	6.887
7.563	6.865
7.567	6.843
7.571	6.822
7.556	6.831
7.540	6.847
7.525	6.862
7.510	6.878
7.494	6.893
7.479	6.909
7.464	6.925
7.449	6.941
7.433	6.957
7.418	6.973
7.403	6.989
7.387	7.005
7.372	7.021
7.357	7.037
7.342	7.044
7.327	7.028
7.311	7.012
7.296	6.995
7.281	6.980
7.267	6.962
7.254	6.945
7.240	6.928
7.226	6.911
7.212	6.893
7.198	6.876
7.184	6.859
7.171	6.841
7.160	6.823
7.150	6.803
7.139	6.784
7.129	6.764
7.118	6.745
7.107	6.725
7.097	6.706
7.086	6.686
7.079	6.666
7.071	6.645
7.064	6.624
7.057	6.603
7.050	6.582
7.043	6.561
7.036	6.540
7.029	6.519
7.021	6.499
7.016	6.478
7.012	6.456
7.007	6.434
7.002	6.413
6.998	6.391
6.993	6.369
6.989	6.348
6.984	6.327
6.979	6.305
6.975	6.283
6.970	6.262
6.966	6.240
6.963	6.218
6.982	6.222
7.004	6.227
7.026	6.233
7.047	6.238
7.068	6.242
7.090	6.247
7.112	6.252
7.133	6.255
7.155	6.258
7.177	6.260
7.199	6.262
7.221	6.263
7.243	6.264
7.265	6.264
7.287	6.264
7.309	6.265
7.331	6.265
7.353	6.265
7.375	6.264
7.397	6.264
7.419	6.263
7.441	6.263
7.463	6.263
7.485	6.262
7.507	6.261
7.529	6.258
7.551	6.255
7.573	6.253
7.595	6.250
7.616	6.245
7.637	6.239
7.658	6.233
7.680	6.227
7.700	6.220
7.720	6.211
7.741	6.202
7.761	6.193
7.781	6.184
7.801	6.176
7.820	6.165
7.840	6.154
7.859	6.143
7.879	6.133
7.896	6.121
7.914	6.108
7.932	6.095
7.950	6.082
7.966	6.068
7.983	6.053
7.999	6.038
8.015	6.023
8.030	6.006
8.044	5.990
8.059	5.973
8.073	5.956
8.086	5.939
8.099	5.921
8.112	5.903
8.124	5.885
8.135	5.866
8.147	5.847
8.157	5.828
8.167	5.808
8.177	5.789
8.188	5.769
8.198	5.749
8.207	5.730
8.217	5.710
8.227	5.690
8.236	5.670
8.246	5.650
8.256	5.630
8.265	5.610
8.275	5.590
8.284	5.570
8.294	5.550
8.304	5.531
8.314	5.511
8.324	5.491
8.334	5.472
8.344	5.452
8.354	5.432
8.364	5.412
8.374	5.393
8.384	5.373
8.394	5.354
8.405	5.335
8.417	5.316
8.428	5.297
8.439	5.278
8.450	5.259
8.462	5.240
8.473	5.221
8.484	5.202
8.497	5.184
8.509	5.166
8.522	5.148
8.535	5.130
8.547	5.112
8.560	5.093
8.573	5.075
8.585	5.058
8.599	5.041
8.613	5.024
8.628	5.007
8.642	4.989
8.656	4.972
8.670	4.955
8.684	4.938
8.699	4.922
8.714	4.906
8.730	4.890
8.745	4.874
8.761	4.859
8.777	4.845
8.794	4.830
8.810	4.815
8.826	4.801
8.844	4.787
8.861	4.773
8.878	4.759
8.895	4.745
8.913	4.733
8.931	4.721
8.950	4.708
8.968	4.696
8.986	4.684
9.004	4.672
9.008	4.656
8.987	4.652
8.965	4.650
8.943	4.648
8.921	4.647
8.899	4.645
8.877	4.644
8.855	4.643
8.833	4.643
8.811	4.642
8.789	4.642
8.767	4.642
8.745	4.645
8.723	4.647
8.701	4.649
8.679	4.652
8.657	4.654
8.635	4.657
8.613	4.659
8.591	4.662
8.569	4.664
8.547	4.667
8.526	4.670
8.505	4.677
8.484	4.684
8.463	4.690
8.441	4.697
8.420	4.704
8.399	4.711
8.378	4.718
8.357	4.724
8.336	4.731
8.315	4.738
8.295	4.746
8.276	4.757
8.257	4.768
8.237	4.779
8.218	4.790
8.199	4.801
8.179	4.811
8.160	4.822
8.141	4.833
8.121	4.844
8.102	4.855
8.084	4.867
8.067	4.881
8.050	4.896
8.033	4.910
8.016	4.924
7.999	4.938
7.983	4.952
7.966	4.966
7.949	4.980
7.932	4.995
7.915	5.009
7.898	5.023
7.883	5.039
7.868	5.055
7.853	5.071
7.838	5.087
7.823	5.103
7.807	5.120
7.793	5.136
7.779	5.153
7.765	5.170
7.752	5.188
7.738	5.205
7.724	5.222
7.710	5.240
7.698	5.257
7.686	5.276
7.673	5.294
7.661	5.313
7.649	5.331
7.637	5.349
7.625	5.368
7.614	5.387
7.603	5.406
7.592	5.425
7.581	5.444
7.569	5.463
7.558	5.482
7.547	5.502
7.536	5.520
7.525	5.539
7.514	5.558
7.502	5.577
7.491	5.596
7.479	5.615
7.468	5.634
7.456	5.652
7.442	5.670
7.428	5.687
7.414	5.704
7.401	5.722
7.387	5.739
7.372	5.755
7.356	5.770
7.339	5.785
7.323	5.799
7.306	5.814
7.290	5.828
7.271	5.839
7.252	5.851
7.233	5.862
7.214	5.873
7.195	5.884
7.174	5.892
7.154	5.900
7.133	5.908
7.112	5.914
7.091	5.919
7.069	5.925
7.048	5.930
7.026	5.931
7.006	5.928
7.015	5.911
7.033	5.898
7.050	5.884
7.065	5.869
7.081	5.853
7.096	5.838
7.110	5.821
7.125	5.804
7.139	5.787
7.152	5.769
7.164	5.751
7.174	5.732
7.183	5.711
7.193	5.691
7.201	5.671
7.207	5.650
7.214	5.629
7.218	5.608
7.221	5.586
7.224	5.564
7.225	5.542
7.225	5.520
7.225	5.497
7.225	5.476
7.224	5.453
7.224	5.431
7.223	5.409
7.222	5.387
7.230	5.373
7.252	5.370
7.273	5.363
7.293	5.356
7.314	5.349
7.335	5.341
7.355	5.332
7.373	5.319
7.391	5.306
7.409	5.293
7.427	5.280
7.444	5.267
7.458	5.250
7.473	5.234
7.488	5.217
7.503	5.201
7.517	5.184
7.527	5.165
7.537	5.145
7.546	5.125
7.556	5.105
7.563	5.084
7.549	5.075
7.527	5.077
7.505	5.077
7.483	5.076
7.461	5.075
7.439	5.073
7.418	5.067
7.397	5.061
7.375	5.055
7.354	5.049
7.333	5.042
7.313	5.032
7.293	5.023
7.273	5.014
7.253	5.005
7.232	4.996
7.214	4.985
7.195	4.973
7.176	4.961
7.157	4.950
7.139	4.938
7.121	4.926
7.104	4.912
7.086	4.898
7.069	4.884
7.052	4.870
7.035	4.856
7.018	4.842
7.002	4.827
6.986	4.811
6.971	4.796
6.955	4.781
6.939	4.765
6.923	4.750
6.907	4.734
6.891	4.719
6.877	4.703
6.862	4.687
6.847	4.670
6.832	4.654
6.817	4.638
6.802	4.621
6.787	4.605
6.772	4.589
6.758	4.573
6.744	4.555
6.730	4.538
6.716	4.520
6.703	4.503
6.689	4.486
6.675	4.468
6.661	4.451
6.648	4.433
6.635	4.416
6.621	4.399
6.604	4.394
6.593	4.413
6.583	4.433
6.573	4.453
6.563	4.472
6.553	4.492
6.544	4.512
6.534	4.532
6.525	4.552
6.517	4.573
6.503	4.578
6.497	4.557
6.493	4.536
6.492	4.514
6.490	4.492
6.488	4.470
6.488	4.448
6.488	4.426
6.487	4.404
6.487	4.382
6.487	4.360
6.487	4.338
6.487	4.316
6.488	4.294
6.488	4.271
6.489	4.249
6.489	4.227
6.491	4.205
6.493	4.183
6.496	4.161
6.498	4.139
6.501	4.118
6.507	4.096
6.513	4.075
6.519	4.053
6.526	4.033
6.534	4.012
6.543	3.992
6.551	3.971
6.560	3.951
6.569	3.931
6.579	3.911
6.587	3.896
6.593	3.918
6.598	3.939
6.603	3.960
6.609	3.981
6.616	4.002
6.623	4.023
6.631	4.044
6.640	4.063
6.650	4.083
6.659	4.103
6.670	4.122
6.681	4.142
6.691	4.161
6.702	4.180
6.713	4.200
6.724	4.219
6.740	4.227
6.750	4.208
6.759	4.188
6.768	4.168
6.778	4.148
6.788	4.128
6.799	4.109
6.810	4.090
6.821	4.071
6.833	4.053
6.845	4.034
6.856	4.015
6.868	3.997
6.884	3.981
6.905	3.982
6.925	3.988
6.939	4.005
6.953	4.022
6.966	4.040
6.980	4.057
6.994	4.074
7.008	4.092
7.021	4.109
7.034	4.127
7.046	4.145
7.059	4.163
7.071	4.182
7.084	4.200
7.097	4.218
7.108	4.236
7.117	4.257
7.126	4.277
7.135	4.297
7.145	4.317
7.151	4.338
7.137	4.335
7.117	4.326
7.097	4.317
7.076	4.311
7.055	4.304
7.033	4.298
7.012	4.297
6.990	4.299
6.968	4.300
6.949	4.309
6.929	4.320
6.911	4.331
6.898	4.350
6.886	4.367
6.873	4.385
6.868	4.406
6.875	4.426
6.889	4.443
6.904	4.459
6.920	4.474
6.935	4.490
6.951	4.506
6.967	4.521
6.983	4.536
7.000	4.550
7.009	4.535
7.011	4.513
7.017	4.493
7.026	4.473
7.040	4.456
7.056	4.440
7.076	4.433
7.097	4.430
7.119	4.435
7.138	4.443
7.156	4.456
7.171	4.471
7.184	4.490
7.196	4.508
7.205	4.528
7.210	4.549
7.216	4.571
7.219	4.592
7.217	4.614
7.215	4.637
7.212	4.658
7.203	4.678
7.194	4.698
7.186	4.719
7.188	4.739
7.202	4.756
7.218	4.771
7.234	4.786
7.250	4.800
7.267	4.814
7.284	4.827
7.304	4.832
7.312	4.811
7.318	4.790
7.322	4.768
7.326	4.746
7.330	4.725
7.332	4.703
7.335	4.681
7.337	4.659
7.338	4.638
7.339	4.615
7.340	4.593
7.340	4.572
7.339	4.549
7.338	4.527
7.337	4.505
7.335	4.484
7.331	4.462
7.328	4.440
7.324	4.418
7.319	4.397
7.313	4.376
7.307	4.354
7.300	4.334
7.291	4.313
7.283	4.293
7.274	4.272
7.265	4.253
7.255	4.233
7.245	4.213
7.246	4.205
7.266	4.216
7.283	4.229
7.301	4.242
7.319	4.256
7.335	4.269
7.350	4.286
7.366	4.302
7.381	4.318
7.396	4.335
7.411	4.351
7.425	4.367
7.439	4.385
7.452	4.402
7.466	4.419
7.480	4.437
7.494	4.454
7.504	4.473
7.515	4.493
7.525	4.512
7.537	4.527
7.551	4.515
7.559	4.494
7.567	4.474
7.573	4.453
7.578	4.431
7.584	4.410
7.588	4.389
7.592	4.367
7.595	4.345
7.598	4.324
7.600	4.301
7.602	4.279
7.602	4.257
7.600	4.235
7.596	4.214
7.590	4.193
7.583	4.172
7.576	4.150
7.569	4.130
7.561	4.109
7.554	4.089
7.546	4.068
7.538	4.047
7.530	4.026
7.523	4.005
7.515	3.985
7.506	3.965
7.497	3.945
7.488	3.924
7.479	3.904
7.470	3.884
7.461	3.864
7.452	3.844
7.443	3.824
7.434	3.804
7.423	3.784
7.413	3.765
7.403	3.745
7.393	3.726
7.383	3.706
7.372	3.686
7.362	3.667
7.352	3.647
7.342	3.628
7.331	3.609
7.319	3.590
7.308	3.571
7.297	3.551
7.286	3.532
7.275	3.513
7.263	3.494
7.252	3.475
7.241	3.456
7.230	3.437
7.218	3.419
7.206	3.400
7.194	3.381
7.182	3.363
7.171	3.344
7.158	3.326
7.146	3.307
7.134	3.289
7.122	3.271
7.109	3.252
7.097	3.234
7.085	3.216
7.072	3.197
7.060	3.179
7.047	3.161
7.035	3.142
7.022	3.124
7.008	3.108
6.992	3.105
6.976	3.121
6.961	3.137
6.946	3.152
6.932	3.169
6.917	3.185
6.902	3.201
6.887	3.217
6.871	3.233
6.856	3.249
6.840	3.265
6.825	3.281
6.809	3.295
6.792	3.310
6.775	3.324
6.759	3.338
6.742	3.353
6.725	3.367
6.708	3.381
6.691	3.394
6.673	3.407
6.655	3.419
6.637	3.432
6.619	3.445
6.601	3.457
6.583	3.470
6.563	3.480
6.543	3.490
6.523	3.500
6.503	3.510
6.484	3.520
6.463	3.527
6.442	3.534
6.440	3.525
6.453	3.508
6.468	3.491
6.482	3.474
6.496	3.457
6.510	3.440
6.524	3.423
6.537	3.406
6.551	3.388
6.565	3.371
6.578	3.353
6.592	3.336
6.605	3.319
6.617	3.300
6.629	3.282
6.641	3.263
6.654	3.245
6.666	3.226
6.678	3.208
6.690	3.190
6.701	3.171
6.712	3.151
6.723	3.132
6.733	3.113
6.744	3.093
6.755	3.074
6.766	3.055
6.775	3.035
6.784	3.015
6.793	2.995
6.802	2.975
6.811	2.954
6.820	2.934
6.828	2.914
6.834	2.893
6.841	2.872
6.848	2.851
6.855	2.830
6.861	2.809
6.866	2.788
6.870	2.766
6.875	2.744
6.880	2.722
6.884	2.701
6.888	2.680
6.891	2.658
6.893	2.636
6.896	2.614
6.899	2.592
6.901	2.570
6.902	2.548
6.901	2.526
6.901	2.504
6.901	2.482
6.901	2.460
6.899	2.438
6.897	2.415
6.889	2.396
6.869	2.399
6.847	2.403
6.825	2.404
6.803	2.404
6.782	2.401
6.760	2.397
6.739	2.393
6.718	2.385
6.697	2.378
6.677	2.370
6.657	2.360
6.638	2.350
6.618	2.340
6.600	2.328
6.581	2.316
6.562	2.305
6.543	2.293
6.524	2.282
6.505	2.270
6.486	2.259
6.467	2.248
6.449	2.236
6.430	2.225
6.410	2.217
6.390	2.208
6.369	2.200
6.349	2.192
6.329	2.184
6.307	2.180
6.285	2.176
6.263	2.173
6.241	2.170
6.220	2.174
6.198	2.178
6.176	2.182
6.157	2.192
6.139	2.205
6.124	2.220
6.115	2.241
6.111	2.262
6.111	2.283
6.115	2.305
6.119	2.327
6.126	2.347
6.136	2.367
6.146	2.387
6.159	2.404
6.174	2.420
6.189	2.436
6.206	2.450
6.225	2.461
6.244	2.473
6.262	2.484
6.283	2.493
6.302	2.502
6.322	2.511
6.342	2.520
6.362	2.529
6.382	2.538
6.401	2.549
6.420	2.560
6.440	2.570
6.457	2.583
6.474	2.598
6.490	2.613
6.504	2.629
6.516	2.647
6.529	2.666
6.539	2.685
6.546	2.706
6.554	2.727
6.561	2.748
6.567	2.769
6.570	2.791
6.573	2.812
6.575	2.834
6.575	2.856
6.575	2.878
6.570	2.891
6.550	2.881
6.530	2.871
6.510	2.861
6.490	2.853
6.469	2.846
6.448	2.839
6.427	2.832
6.406	2.825
6.385	2.819
6.364	2.812
6.343	2.805
6.322	2.798
6.301	2.791
6.280	2.784
6.259	2.781
6.237	2.779
6.215	2.777
6.193	2.775
6.171	2.773
6.149	2.771
6.127	2.769
6.105	2.767
6.083	2.765
6.061	2.763
6.039	2.761
6.017	2.759
5.995	2.757
5.973	2.759
5.951	2.761
5.929	2.763
5.907	2.765
5.885	2.767
5.863	2.769
5.841	2.771
5.819	2.773
5.797	2.775
5.775	2.777
5.753	2.779
5.731	2.781
5.710	2.784
5.689	2.791
5.668	2.798
5.647	2.805
5.626	2.812
5.605	2.819
5.584	2.825
5.563	2.832
5.542	2.839
5.521	2.846
5.499	2.853
5.479	2.861
5.459	2.870
5.439	2.880
5.419	2.890
5.413	2.879
5.413	2.856
5.414	2.835
5.416	2.812
5.419	2.791
5.423	2.769
5.428	2.748
5.434	2.727
5.441	2.706
5.450	2.686
5.459	2.666
5.471	2.647
5.484	2.629
5.497	2.612
5.513	2.597
5.530	2.582
5.549	2.571
5.568	2.560
5.587	2.549
5.607	2.539
5.627	2.530
5.647	2.521
5.667	2.511
5.687	2.502
5.707	2.492
5.726	2.482
5.746	2.472
5.765	2.461
5.783	2.448
5.800	2.435
5.816	2.420
5.830	2.403
5.844	2.386
5.854	2.367
5.864	2.347
5.872	2.327
5.879	2.306
5.883	2.284
5.882	2.262
5.875	2.242
5.866	2.222
5.852	2.205
5.835	2.192
5.815	2.183
5.794	2.179
5.772	2.175
5.750	2.171
5.728	2.173
5.706	2.176
5.684	2.179
5.663	2.184
5.642	2.191
5.621	2.199
5.601	2.207
5.581	2.215
5.561	2.226
5.542	2.237
5.523	2.248
5.503	2.259
5.485	2.270
5.466	2.282
5.447	2.294
5.429	2.306
5.410	2.317
5.391	2.329
5.372	2.340
5.353	2.350
5.333	2.361
5.314	2.370
5.293	2.378
5.273	2.386
5.252	2.392
5.231	2.398
5.210	2.401
5.188	2.404
5.166	2.405
5.144	2.405
5.123	2.400
5.102	2.395
5.093	2.413
5.090	2.435
5.088	2.457
5.089	2.479
5.091	2.501
5.092	2.523
5.093	2.545
5.094	2.567
5.095	2.589
5.096	2.611
5.097	2.633
5.098	2.655
5.099	2.678
5.103	2.699
5.109	2.720
5.115	2.741
5.121	2.762
5.127	2.784
5.133	2.805
5.139	2.826
5.146	2.848
5.152	2.869
5.158	2.890
5.164	2.911
5.170	2.933
5.179	2.952
5.189	2.972
5.199	2.992
5.209	3.012
5.219	3.031
5.228	3.051
5.238	3.071
5.248	3.091
5.258	3.110
5.268	3.130
5.278	3.150
5.288	3.170
5.297	3.189
5.310	3.207
5.323	3.225
5.336	3.243
5.349	3.261
5.362	3.279
5.375	3.297
5.388	3.315
5.401	3.333
5.414	3.351
5.427	3.369
5.440	3.387
5.453	3.405
5.466	3.423
5.479	3.440
5.493	3.457
5.506	3.474
5.520	3.491
5.534	3.508
5.547	3.526
5.542	3.534
5.522	3.525
5.502	3.516
5.483	3.507
5.463	3.498
5.444	3.487
5.424	3.476
5.405	3.465
5.386	3.454
5.367	3.443
5.349	3.431
5.331	3.418
5.313	3.405
5.295	3.392
5.277	3.378
5.259	3.365
5.243	3.351
5.227	3.337
5.210	3.322
5.193	3.307
5.177	3.292
5.160	3.278
5.145	3.262
5.130	3.246
5.115	3.230
5.100	3.214
5.084	3.198
5.069	3.182
5.055	3.166
5.040	3.149
5.025	3.133
5.010	3.118
4.994	3.102
4.977	3.110
4.963	3.127
4.951	3.145
4.939	3.164
4.927	3.182
4.915	3.201
4.902	3.219
4.890	3.238
4.878	3.256
4.866	3.274
4.854	3.293
4.842	3.311
4.830	3.330
4.818	3.348
4.806	3.367
4.794	3.385
4.782	3.404
4.770	3.423
4.758	3.441
4.747	3.460
4.735	3.479
4.724	3.498
4.712	3.517
4.701	3.536
4.690	3.554
4.679	3.574
4.668	3.593
4.658	3.612
4.647	3.632
4.636	3.651
4.626	3.671
4.615	3.690
4.604	3.709
4.595	3.729
4.585	3.748
4.575	3.768
4.565	3.788
4.556	3.808
4.546	3.828
4.536	3.848
4.526	3.868
4.517	3.888
4.508	3.908
4.499	3.928
4.491	3.948
4.482	3.969
4.473	3.989
4.465	4.010
4.456	4.030
4.447	4.050
4.440	4.071
4.433	4.092
4.426	4.113
4.419	4.134
4.412	4.155
4.405	4.176
4.399	4.196
4.394	4.218
4.390	4.239
4.387	4.261
4.387	4.283
4.389	4.305
4.391	4.327
4.394	4.348
4.397	4.370
4.401	4.391
4.406	4.413
4.411	4.435
4.416	4.456
4.423	4.477
4.429	4.498
4.438	4.518
4.450	4.530
4.463	4.512
4.475	4.493
4.486	4.475
4.497	4.456
4.509	4.437
4.521	4.418
4.533	4.401
4.547	4.384
4.561	4.366
4.575	4.349
4.589	4.333
4.605	4.317
4.621	4.302
4.636	4.286
4.652	4.270
4.669	4.257
4.686	4.244
4.704	4.231
4.722	4.218
4.740	4.206
4.747	4.207
4.738	4.227
4.728	4.247
4.719	4.267
4.710	4.287
4.701	4.307
4.693	4.328
4.684	4.348
4.677	4.368
4.672	4.390
4.666	4.411
4.660	4.432
4.657	4.454
4.655	4.476
4.652	4.498
4.650	4.520
4.650	4.542
4.650	4.564
4.650	4.586
4.650	4.608
4.651	4.630
4.653	4.652
4.655	4.674
4.656	4.696
4.659	4.718
4.663	4.740
4.666	4.762
4.670	4.783
4.675	4.805
4.680	4.827
4.692	4.843
4.709	4.832
4.725	4.817
4.741	4.802
4.756	4.786
4.772	4.771
4.788	4.755
4.803	4.739
4.807	4.722
4.796	4.703
4.788	4.683
4.782	4.661
4.777	4.640
4.771	4.618
4.770	4.597
4.775	4.576
4.780	4.554
4.785	4.532
4.790	4.511
4.804	4.494
4.818	4.477
4.833	4.461
4.847	4.445
4.869	4.441
4.891	4.437
4.912	4.433
4.932	4.440
4.947	4.455
4.960	4.472
4.970	4.492
4.976	4.512
4.978	4.534
4.987	4.550
5.004	4.536
5.020	4.522
5.036	4.507
5.052	4.491
5.067	4.476
5.082	4.460
5.098	4.445
5.114	4.429
5.129	4.413
5.119	4.393
5.109	4.373
5.096	4.356
5.082	4.339
5.068	4.323
5.048	4.313
5.028	4.303
5.007	4.299
4.985	4.298
4.963	4.297
4.942	4.301
4.921	4.308
4.900	4.315
4.880	4.322
4.859	4.331
4.839	4.341
4.840	4.326
4.848	4.306
4.856	4.286
4.865	4.265
4.876	4.246
4.887	4.227
4.899	4.208
4.910	4.189
4.922	4.171
4.935	4.153
4.948	4.135
4.961	4.117
4.973	4.099
4.987	4.082
5.001	4.065
5.015	4.048
5.029	4.031
5.043	4.014
5.058	3.998
5.074	3.982
5.093	3.975
5.109	3.988
5.124	4.004
5.136	4.023
5.148	4.041
5.160	4.060
5.171	4.079
5.182	4.098
5.194	4.117
5.204	4.136
5.214	4.156
5.223	4.176
5.232	4.196
5.241	4.215
5.254	4.228
5.268	4.212
5.279	4.192
5.290	4.173
5.301	4.154
5.311	4.135
5.321	4.115
5.332	4.096
5.341	4.076
5.350	4.056
5.359	4.036
5.367	4.015
5.374	3.995
5.381	3.974
5.387	3.953
5.391	3.931
5.398	3.910
5.412	3.913
5.422	3.932
5.431	3.952
5.439	3.972
5.447	3.993
5.455	4.014
5.462	4.034
5.469	4.055
5.476	4.077
5.482	4.098
5.488	4.119
5.492	4.140
5.496	4.162
5.498	4.184
5.500	4.206
5.501	4.228
5.501	4.250
5.501	4.272
5.501	4.294
5.501	4.316
5.502	4.338
5.501	4.360
5.501	4.382
5.501	4.404
5.500	4.427
5.500	4.449
5.499	4.470
5.498	4.492
5.496	4.515
5.494	4.537
5.491	4.558
5.485	4.579
5.470	4.572
5.462	4.551
5.454	4.531
5.444	4.511
5.434	4.491
5.424	4.472
5.415	4.452
5.405	4.433
5.394	4.413
5.384	4.394
5.368	4.400
5.353	4.417
5.340	4.433
5.326	4.451
5.313	4.468
5.299	4.486
5.286	4.503
5.271	4.520
5.257	4.537
5.243	4.554
5.229	4.571
5.215	4.588
5.201	4.604
5.186	4.620
5.170	4.636
5.155	4.653
5.140	4.669
5.125	4.685
5.110	4.701
5.095	4.717
5.079	4.732
5.064	4.748
5.048	4.763
5.032	4.779
5.016	4.794
5.000	4.810
4.984	4.825
4.969	4.841
4.952	4.855
4.935	4.869
4.918	4.883
4.901	4.897
4.884	4.911
4.867	4.924
4.848	4.936
4.830	4.948
4.811	4.960
4.792	4.972
4.774	4.984
4.755	4.994
4.735	5.004
4.715	5.014
4.695	5.023
4.675	5.033
4.655	5.042
4.634	5.048
4.613	5.055
4.592	5.061
4.570	5.068
4.549	5.073
4.527	5.074
4.505	5.076
4.483	5.077
4.461	5.077
4.439	5.076
4.425	5.086
4.432	5.106
4.442	5.126
4.452	5.146
4.461	5.166
4.472	5.185
4.486	5.202
4.501	5.218
4.515	5.235
4.530	5.252
4.545	5.267
4.563	5.280
4.581	5.294
4.598	5.307
4.616	5.320
4.634	5.331
4.655	5.339
4.676	5.348
4.696	5.356
4.717	5.364
4.738	5.369
4.760	5.374
4.766	5.390
4.765	5.412
4.764	5.434
4.763	5.456
4.763	5.478
4.763	5.500
4.762	5.522
4.763	5.544
4.765	5.566
4.767	5.588
4.770	5.609
4.776	5.631
4.782	5.652
4.788	5.673
4.797	5.693
4.806	5.714
4.815	5.733
4.827	5.751
4.839	5.770
4.852	5.787
4.866	5.804
4.880	5.822
4.894	5.838
4.910	5.854
4.925	5.870
4.940	5.885
4.958	5.899
4.975	5.913
4.991	5.927
4.979	5.936
4.957	5.933
4.935	5.929
4.914	5.925
4.893	5.919
4.871	5.913
4.850	5.907
4.830	5.898
4.810	5.889
4.789	5.880
4.770	5.871
4.751	5.859
4.732	5.848
4.713	5.836
4.696	5.823
4.679	5.809
4.662	5.795
4.645	5.781
4.630	5.765
4.614	5.749
4.599	5.733
4.584	5.717
4.570	5.699
4.556	5.682
4.542	5.665
4.531	5.647
4.518	5.628
4.506	5.610
4.494	5.592
4.483	5.572
4.472	5.553
4.461	5.534
4.450	5.515
4.440	5.496
4.427	5.478
4.415	5.459
4.403	5.440
4.391	5.422
4.379	5.403
4.367	5.385
4.355	5.366
4.343	5.348
4.331	5.329
4.318	5.311
4.306	5.292
4.294	5.274
4.282	5.255
4.270	5.237
4.258	5.218
4.246	5.200
4.234	5.181
4.219	5.165
4.204	5.149
4.189	5.133
4.173	5.117
4.158	5.101
4.142	5.085
4.127	5.069
4.112	5.054
4.096	5.038
4.081	5.022
4.065	5.006
4.050	4.990
4.035	4.974
4.019	4.958
4.004	4.942
3.988	4.928
3.969	4.916
3.950	4.904
3.932	4.892
3.913	4.880
3.894	4.869
3.876	4.857
3.857	4.845
3.838	4.833
3.820	4.821
3.801	4.809
3.782	4.797
3.764	4.785
3.746	4.774
3.727	4.762
3.707	4.754
3.686	4.747
3.665	4.740
3.644	4.733
3.623	4.726
3.602	4.719
3.581	4.712
3.560	4.705
3.539	4.698
3.518	4.691
3.497	4.684
3.476	4.677
3.455	4.670
3.434	4.663
3.413	4.658
3.391	4.655
3.369	4.652
3.347	4.650
3.325	4.647
3.304	4.645
3.281	4.645
3.259	4.645
3.237	4.644
3.215	4.644
3.193	4.643
3.171	4.643
3.149	4.643
3.127	4.643
3.105	4.643
3.083	4.644
3.061	4.644
3.038	4.645
3.016	4.645
2.994	4.646
2.978	4.659
2.987	4.673
3.004	4.686
3.023	4.698
3.041	4.710
3.059	4.722
3.076	4.736
3.093	4.750
3.111	4.764
3.128	4.778
3.145	4.792
3.162	4.806
3.180	4.819
3.197	4.833
3.214	4.847
3.232	4.861
3.247	4.876
3.261	4.893
3.275	4.910
3.290	4.927
3.304	4.943
3.319	4.960
3.333	4.977
3.348	4.994
3.362	5.010
3.377	5.027
3.391	5.044
3.405	5.061
3.419	5.078
3.431	5.096
3.443	5.115
3.455	5.133
3.467	5.152
3.479	5.170
3.491	5.189
3.503	5.208
3.515	5.226
3.527	5.245
3.539	5.263
3.551	5.282
3.563	5.300
3.575	5.319
3.586	5.337
3.596	5.357
3.606	5.377
3.616	5.397
3.626	5.417
3.636	5.436
3.646	5.456
3.656	5.476
3.666	5.496
3.676	5.515
3.686	5.535
3.696	5.555
3.706	5.575
3.716	5.594
3.726	5.614
3.736	5.633
3.745	5.653
3.755	5.673
3.764	5.693
3.773	5.713
3.783	5.733
3.792	5.753
3.802	5.773
3.812	5.792
3.822	5.812
3.832	5.832
3.843	5.850
3.855	5.869
3.867	5.888
3.879	5.906
3.892	5.924
3.905	5.942
3.918	5.960
3.932	5.976
3.948	5.992
3.963	6.008
3.979	6.023
3.994	6.039
4.010	6.055
4.025	6.071
4.043	6.083
4.061	6.096
4.079	6.108
4.097	6.121
4.116	6.134
4.134	6.146
4.152	6.158
4.172	6.167
4.193	6.176
4.213	6.185
4.233	6.194
4.253	6.203
4.274	6.212
4.294	6.220
4.315	6.225
4.337	6.231
4.358	6.236
4.379	6.242
4.401	6.247
4.422	6.253
4.443	6.257
4.465	6.260
4.487	6.262
4.509	6.264
4.532	6.266
4.554	6.269
4.575	6.269
4.597	6.269
4.619	6.269
4.642	6.268
4.664	6.268
4.686	6.268
4.708	6.268
4.730	6.266
4.752	6.263
4.774	6.261
4.796	6.259
4.818	6.257
4.840	6.255
4.861	6.252
4.883	6.248
4.905	6.243
4.927	6.238
4.948	6.234
4.970	6.229
4.991	6.224
5.013	6.218
5.031	6.219
5.032	6.240
5.028	6.262
5.023	6.284
5.018	6.306
5.014	6.327
5.009	6.349
5.005	6.370
5.000	6.392
4.995	6.413
4.990	6.435
4.985	6.457
4.980	6.478
4.974	6.499
4.968	6.520
4.962	6.542
4.956	6.563
4.949	6.583
4.941	6.604
4.932	6.625
4.925	6.645
4.916	6.666
4.908	6.686
4.899	6.706
4.889	6.725
4.878	6.745
4.868	6.765
4.858	6.784
4.847	6.804
4.836	6.822
4.824	6.841
4.811	6.859
4.799	6.877
4.786	6.895
4.774	6.914
4.760	6.930
4.745	6.947
4.730	6.963
4.715	6.979
4.700	6.996
4.685	7.011
4.669	7.026
4.653	7.041
4.637	7.035
4.622	7.019
4.607	7.003
4.592	6.987
4.577	6.971
4.561	6.955
4.546	6.939
4.531	6.923
4.516	6.907
4.501	6.891
4.486	6.875
4.470	6.860
4.455	6.844
4.440	6.828
4.424	6.813
4.425	6.833
4.430	6.854
4.435	6.876
4.440	6.898
4.445	6.919
4.450	6.941
4.455	6.962
4.460	6.984
4.465	7.005
4.470	7.027
4.475	7.049
4.480	7.070
4.485	7.091
4.490	7.113
4.495	7.134
4.500	7.156
4.505	7.177
4.510	7.199
4.515	7.220
4.520	7.242
4.525	7.263
4.530	7.285
4.535	7.307
4.540	7.328
4.546	7.349
4.536	7.353
4.517	7.342
4.499	7.330
4.481	7.317
4.463	7.305
4.445	7.292
4.427	7.279
4.409	7.267
4.391	7.254
4.373	7.241
4.355	7.228
4.337	7.218
4.315	7.224
4.294	7.229
4.272	7.235
4.251	7.240
4.230	7.245
4.208	7.251
4.187	7.256
4.165	7.260
4.144	7.265
4.122	7.270
4.101	7.274
4.080	7.277
4.057	7.280
4.037	7.281
4.027	7.261
4.017	7.241
4.007	7.222
3.997	7.202
3.988	7.182
3.978	7.163
3.968	7.143
3.958	7.124
3.948	7.104
3.938	7.085
3.927	7.065
3.915	7.047
3.903	7.029
3.895	7.046
3.890	7.068
3.886	7.090
3.881	7.111
3.877	7.133
3.872	7.154
3.868	7.176
3.863	7.197
3.859	7.219
3.855	7.241
3.850	7.263
3.846	7.284
3.842	7.306
3.837	7.327
3.833	7.349
3.828	7.371
3.824	7.393
3.819	7.414
3.814	7.435
3.809	7.456
3.802	7.477
3.787	7.476
3.776	7.457
3.765	7.438
3.753	7.419
3.742	7.400
3.731	7.381
3.720	7.362
3.709	7.343
3.698	7.324
3.687	7.305
3.675	7.286
3.654	7.283
3.632	7.280
3.610	7.278
3.588	7.276
3.566	7.274
3.544	7.271
3.522	7.269
3.501	7.266
3.478	7.264
3.457	7.261
3.435	7.258
3.414	7.255
3.392	7.252
3.374	7.243
3.367	7.222
3.360	7.201
3.353	7.180
3.346	7.159
3.339	7.139
3.331	7.118
3.324	7.097
3.317	7.076
3.310	7.055
3.303	7.034
3.295	7.014
3.287	6.993
3.277	6.974
3.263	6.980
3.255	7.000
3.247	7.021
3.239	7.041
3.231	7.062
3.223	7.082
3.215	7.103
3.208	7.123
3.200	7.144
3.192	7.164
3.184	7.185
3.176	7.206
3.168	7.227
3.161	7.247
3.153	7.268
3.145	7.288
3.137	7.308
3.129	7.329
3.120	7.349
3.105	7.347
3.093	7.328
3.083	7.309
3.073	7.289
3.063	7.270
3.053	7.250
3.044	7.231
3.034	7.211
3.019	7.199
2.997	7.196
2.975	7.194
2.953	7.192
2.931	7.190
2.910	7.188
2.888	7.186
2.866	7.184
2.844	7.182
2.822	7.180
2.799	7.178
2.777	7.176
2.755	7.174
2.733	7.172
2.712	7.170
2.690	7.169
2.668	7.167
2.646	7.166
2.623	7.164
2.601	7.163
2.580	7.162
2.558	7.161
2.536	7.160
2.513	7.160
2.491	7.159
2.469	7.158
2.447	7.158
2.425	7.157
2.403	7.157
2.381	7.157
2.359	7.157
2.337	7.157
2.315	7.156
2.292	7.156
2.270	7.156
2.249	7.156
2.226	7.156
2.204	7.156
2.182	7.156
2.160	7.156
2.138	7.156
2.116	7.156
2.094	7.156
2.072	7.156
2.050	7.157
2.028	7.157
2.006	7.158
1.984	7.159
1.962	7.160
1.940	7.162
1.918	7.164
1.897	7.167
1.875	7.170
1.853	7.174
1.832	7.178
1.810	7.182
1.788	7.187
1.767	7.192
1.746	7.196
1.724	7.202
1.703	7.207
1.681	7.213
1.660	7.219
1.639	7.225
1.624	7.237
1.645	7.240
1.666	7.240
1.688	7.239
1.710	7.238
1.732	7.237
1.754	7.237
1.776	7.237
1.798	7.237
1.821	7.237
1.842	7.238
1.864	7.239
1.887	7.239
1.908	7.240
1.930	7.242
1.952	7.243
1.974	7.244
1.996	7.246
2.018	7.248
2.040	7.251
2.062	7.253
2.084	7.255
2.106	7.257
2.128	7.259
2.150	7.261
2.172	7.263
2.194	7.265
2.215	7.268
2.237	7.272
2.259	7.275
2.281	7.278
2.303	7.282
2.325	7.285
2.347	7.289
2.368	7.292
2.390	7.295
2.412	7.299
2.433	7.303
2.455	7.308
2.477	7.312
2.498	7.317
2.520	7.322
2.542	7.326
2.563	7.331
2.585	7.336
2.607	7.341
2.628	7.345
2.650	7.350
2.671	7.355
2.692	7.361
2.714	7.367
2.735	7.373
2.756	7.378
2.778	7.384
2.799	7.390
2.820	7.395
2.842	7.401
2.863	7.407
2.885	7.413
2.906	7.418
2.927	7.424
2.948	7.430
2.970	7.435
2.991	7.441
3.012	7.446
3.034	7.452
3.055	7.458
3.077	7.463
3.098	7.469
3.119	7.474
3.141	7.480
3.162	7.486
3.184	7.491
3.205	7.497
3.226	7.502
3.248	7.508
3.269	7.514
3.290	7.519
3.311	7.524
3.333	7.528
3.355	7.532
3.377	7.537
3.398	7.541
3.420	7.545
3.442	7.549
3.464	7.553
3.485	7.557
3.507	7.561
3.529	7.566
3.551	7.570
3.572	7.574
3.594	7.578
3.616	7.582
3.637	7.584
3.659	7.586
3.681	7.588
3.703	7.590
3.725	7.592
3.747	7.594
3.769	7.597
3.791	7.599
3.813	7.601
3.835	7.603
3.857	7.605
3.880	7.607
0.499	7.949
0.502	7.927
0.504	7.905
0.507	7.883
0.512	7.862
0.518	7.840
0.524	7.819
0.531	7.798
0.537	7.777
0.545	7.756
0.553	7.736
0.561	7.715
0.569	7.695
0.578	7.674
0.586	7.654
0.595	7.635
0.605	7.615
0.616	7.595
0.626	7.576
0.636	7.556
0.647	7.537
0.659	7.519
0.672	7.501
0.685	7.483
0.698	7.465
0.711	7.447
0.723	7.429
0.736	7.411
0.749	7.393
0.762	7.375
0.775	7.357
0.788	7.339
0.800	7.321
0.816	7.306
0.832	7.290
0.848	7.275
0.863	7.260
0.879	7.244
0.895	7.229
0.911	7.214
0.927	7.198
0.943	7.183
0.959	7.168
0.975	7.152
0.991	7.137
1.007	7.122
1.025	7.109
1.043	7.097
1.061	7.085
1.080	7.072
1.098	7.060
1.116	7.048
1.135	7.035
1.153	7.023
1.172	7.011
1.190	6.998
1.208	6.986
1.227	6.974
1.245	6.961
1.264	6.951
1.284	6.942
1.304	6.933
1.324	6.924
1.345	6.915
1.365	6.906
1.385	6.897
1.405	6.888
1.426	6.879
1.446	6.870
1.466	6.861
1.486	6.852
1.507	6.843
1.526	6.834
1.548	6.828
1.569	6.822
1.590	6.815
1.611	6.809
1.633	6.803
1.654	6.796
1.675	6.790
1.696	6.784
1.717	6.779
1.739	6.774
1.761	6.770
1.782	6.766
1.804	6.761
1.826	6.757
1.848	6.753
1.869	6.748
1.891	6.745
1.913	6.743
1.935	6.740
1.957	6.738
1.979	6.736
2.001	6.734
2.023	6.732
2.045	6.729
2.067	6.727
2.089	6.726
2.111	6.726
2.133	6.725
2.155	6.725
2.177	6.724
2.199	6.723
2.221	6.723
2.244	6.722
2.265	6.722
2.287	6.721
2.309	6.721
2.331	6.721
2.353	6.721
2.375	6.721
2.397	6.722
2.420	6.722
2.442	6.722
2.463	6.723
2.485	6.724
2.507	6.725
2.530	6.725
2.551	6.726
2.573	6.728
2.595	6.730
2.618	6.732
2.640	6.734
2.661	6.736
2.683	6.738
2.705	6.740
2.727	6.743
2.749	6.745
2.771	6.748
2.793	6.750
2.815	6.752
2.837	6.755
2.859	6.757
2.881	6.760
2.903	6.762
2.925	6.764
2.947	6.767
2.969	6.769
2.991	6.772
3.013	6.774
3.034	6.776
3.057	6.778
3.079	6.780
3.101	6.782
3.123	6.784
3.145	6.786
3.167	6.788
3.189	6.789
3.211	6.791
3.233	6.792
3.255	6.793
3.277	6.794
3.299	6.795
3.321	6.796
3.344	6.797
3.365	6.798
3.387	6.798
3.410	6.798
3.432	6.799
3.454	6.799
3.476	6.799
3.498	6.800
3.520	6.800
3.542	6.800
3.564	6.799
3.586	6.799
3.608	6.798
3.630	6.798
3.652	6.797
3.674	6.796
3.697	6.796
3.719	6.795
3.741	6.795
3.762	6.793
3.784	6.791
3.806	6.788
3.828	6.786
3.850	6.784
3.872	6.782
3.895	6.779
3.917	6.777
3.938	6.773
3.959	6.768
3.981	6.763
4.003	6.759
4.024	6.754
4.046	6.749
4.067	6.743
4.087	6.736
4.108	6.728
4.129	6.720
4.150	6.712
4.170	6.704
4.190	6.695
4.209	6.684
4.229	6.673
4.246	6.661
4.264	6.648
4.282	6.635
4.299	6.622
4.316	6.607
4.333	6.593
4.342	6.575
4.327	6.563
4.307	6.554
4.286	6.546
4.266	6.539
4.245	6.531
4.224	6.524
4.204	6.516
4.183	6.508
4.162	6.500
4.142	6.492
4.121	6.485
4.101	6.476
4.081	6.466
4.061	6.457
4.041	6.447
4.021	6.438
4.003	6.427
3.984	6.415
3.965	6.404
3.946	6.392
3.927	6.381
3.910	6.368
3.892	6.355
3.874	6.341
3.857	6.328
3.839	6.315
3.822	6.301
3.806	6.286
3.790	6.271
3.774	6.255
3.758	6.240
3.741	6.225
3.725	6.210
3.709	6.195
3.694	6.180
3.680	6.162
3.666	6.145
3.652	6.128
3.638	6.111
3.624	6.093
3.611	6.076
3.597	6.059
3.583	6.041
3.571	6.023
3.560	6.004
3.548	5.985
3.537	5.966
3.526	5.947
3.514	5.928
3.503	5.909
3.491	5.890
3.480	5.871
3.470	5.852
3.460	5.832
3.451	5.813
3.441	5.793
3.432	5.773
3.422	5.753
3.412	5.733
3.403	5.713
3.393	5.693
3.384	5.673
3.374	5.653
3.365	5.633
3.356	5.613
3.347	5.593
3.338	5.573
3.328	5.553
3.319	5.533
3.310	5.513
3.301	5.492
3.291	5.473
3.281	5.453
3.271	5.434
3.261	5.414
3.251	5.394
3.240	5.376
3.228	5.357
3.217	5.338
3.205	5.319
3.194	5.301
3.181	5.283
3.168	5.264
3.156	5.246
3.143	5.228
3.130	5.211
3.115	5.195
3.100	5.179
3.085	5.162
3.070	5.146
3.055	5.130
3.040	5.113
3.025	5.097
3.010	5.081
2.995	5.064
2.981	5.048
2.966	5.032
2.949	5.018
2.931	5.005
2.914	4.991
2.896	4.978
2.878	4.965
2.860	4.952
2.842	4.939
2.824	4.926
2.806	4.913
2.788	4.900
2.771	4.887
2.753	4.875
2.732	4.866
2.712	4.856
2.692	4.847
2.672	4.838
2.652	4.829
2.632	4.820
2.612	4.811
2.591	4.801
2.571	4.792
2.551	4.783
2.531	4.774
2.510	4.768
2.489	4.762
2.467	4.757
2.446	4.752
2.424	4.747
2.403	4.741
2.381	4.736
2.360	4.731
2.338	4.725
2.317	4.720
2.295	4.715
2.274	4.709
2.253	4.705
2.233	4.698
2.244	4.681
2.260	4.666
2.276	4.651
2.293	4.637
2.311	4.623
2.328	4.610
2.346	4.596
2.363	4.583
2.381	4.570
2.399	4.557
2.416	4.544
2.435	4.532
2.453	4.519
2.472	4.507
2.490	4.496
2.510	4.485
2.529	4.474
2.548	4.463
2.568	4.453
2.587	4.443
2.607	4.433
2.627	4.424
2.647	4.414
2.667	4.405
2.687	4.396
2.707	4.387
2.727	4.378
2.747	4.369
2.768	4.361
2.788	4.353
2.809	4.345
2.830	4.337
2.851	4.331
2.872	4.326
2.894	4.321
2.915	4.316
2.937	4.311
2.958	4.306
2.980	4.301
3.001	4.296
3.023	4.291
3.044	4.286
3.066	4.280
3.087	4.275
3.109	4.273
3.131	4.272
3.152	4.270
3.174	4.269
3.197	4.267
3.219	4.266
3.241	4.264
3.263	4.263
3.285	4.262
3.307	4.260
3.329	4.259
3.351	4.257
3.373	4.257
3.395	4.259
3.417	4.261
3.439	4.263
3.461	4.265
3.483	4.267
3.505	4.269
3.527	4.271
3.549	4.273
3.571	4.275
3.593	4.278
3.615	4.280
3.637	4.282
3.658	4.286
3.680	4.292
3.701	4.297
3.723	4.303
3.744	4.308
3.765	4.314
3.787	4.319
3.808	4.325
3.830	4.330
3.851	4.336
3.873	4.341
3.894	4.347
3.915	4.353
3.936	4.360
3.956	4.366
3.978	4.373
3.999	4.379
4.019	4.380
4.026	4.359
4.032	4.338
4.039	4.317
4.046	4.296
4.052	4.275
4.059	4.254
4.065	4.233
4.072	4.212
4.079	4.191
4.086	4.170
4.093	4.149
4.100	4.128
4.107	4.107
4.114	4.086
4.120	4.065
4.127	4.044
4.134	4.023
4.141	4.002
4.148	3.981
4.155	3.960
4.162	3.939
4.169	3.918
4.176	3.897
4.183	3.876
4.190	3.855
4.197	3.834
4.204	3.814
4.212	3.793
4.220	3.772
4.228	3.752
4.235	3.731
4.243	3.710
4.251	3.690
4.259	3.669
4.267	3.648
4.275	3.627
4.283	3.607
4.290	3.586
4.298	3.565
4.306	3.545
4.314	3.524
4.322	3.503
4.330	3.483
4.338	3.462
4.345	3.441
4.353	3.420
4.361	3.400
4.369	3.380
4.378	3.359
4.387	3.339
4.395	3.319
4.404	3.298
4.413	3.279
4.421	3.258
4.430	3.238
4.438	3.218
4.447	3.197
4.456	3.177
4.464	3.156
4.473	3.136
4.482	3.116
4.490	3.095
4.499	3.075
4.508	3.055
4.516	3.034
4.525	3.014
4.534	2.994
4.542	2.973
4.551	2.954
4.561	2.934
4.570	2.914
4.579	2.894
4.589	2.873
4.598	2.853
4.608	2.833
4.617	2.813
4.627	2.793
4.636	2.773
4.645	2.753
4.655	2.733
4.664	2.713
4.674	2.693
4.683	2.673
4.693	2.653
4.702	2.633
4.712	2.613
4.721	2.593
4.730	2.573
4.740	2.553
4.749	2.533
4.759	2.514
4.769	2.494
4.778	2.474
4.788	2.454
4.798	2.434
4.808	2.415
4.818	2.395
4.828	2.375
4.837	2.355
4.847	2.335
4.857	2.316
4.852	2.294
4.847	2.272
4.843	2.251
4.838	2.229
4.834	2.208
4.830	2.186
4.827	2.164
4.823	2.142
4.819	2.120
4.816	2.099
4.813	2.077
4.811	2.055
4.809	2.033
4.806	2.010
4.805	1.989
4.804	1.967
4.803	1.945
4.802	1.923
4.802	1.901
4.801	1.879
4.803	1.857
4.804	1.835
4.805	1.812
4.806	1.790
4.808	1.769
4.812	1.747
4.816	1.725
4.820	1.703
4.823	1.682
4.827	1.660
4.831	1.638
4.835	1.616
4.839	1.594
4.842	1.573
4.846	1.551
4.852	1.530
4.859	1.509
4.867	1.488
4.875	1.468
4.882	1.447
4.890	1.426
4.897	1.405
4.905	1.384
4.912	1.364
4.920	1.343
4.928	1.323
4.939	1.304
4.950	1.285
4.962	1.266
4.973	1.247
4.984	1.228
4.996	1.209
5.007	1.190
5.018	1.171
5.030	1.152
5.041	1.133
5.055	1.117
5.069	1.100
5.084	1.083
5.099	1.067
5.113	1.050
5.128	1.033
5.142	1.017
5.157	1.000
5.171	0.983
5.186	0.967
5.200	0.951
5.216	0.935
5.232	0.920
5.248	0.905
5.264	0.889
5.279	0.874
5.274	0.852
5.268	0.831
5.263	0.810
5.257	0.788
5.251	0.767
5.245	0.746
5.237	0.726
5.230	0.705
5.222	0.684
5.214	0.664
5.206	0.643
5.196	0.624
5.186	0.604
5.176	0.584
5.165	0.565
5.168	0.553
5.191	0.549
5.212	0.547
5.234	0.545
5.256	0.545
5.278	0.545
5.300	0.546
5.322	0.547
5.344	0.548
5.366	0.549
5.388	0.550
5.410	0.552
5.432	0.553
5.454	0.556
5.476	0.559
5.497	0.562
5.519	0.566
5.538	0.565
5.548	0.546
5.559	0.526
5.569	0.506
5.580	0.488
5.593	0.470
5.606	0.452
5.619	0.434
5.632	0.416
5.645	0.398
5.658	0.380
5.671	0.362
5.684	0.344
5.700	0.330
5.717	0.316
5.734	0.302
5.752	0.288
5.769	0.274
5.786	0.260
5.803	0.246
5.821	0.232
5.838	0.219
5.855	0.206
5.875	0.197
5.895	0.187
5.915	0.177
5.935	0.167
5.955	0.157
5.974	0.147
5.994	0.138
6.014	0.128
6.034	0.118
6.053	0.109
6.074	0.103
6.095	0.097
6.117	0.091
6.138	0.085
6.159	0.079
6.181	0.073
6.202	0.067
6.224	0.061
6.245	0.055
6.266	0.049
6.288	0.044
6.309	0.040
6.331	0.037
6.353	0.033
6.375	0.030
6.397	0.027
6.418	0.023
6.440	0.021
6.462	0.019
6.484	0.017
6.506	0.015
6.528	0.013
6.550	0.011
6.572	0.009
6.594	0.008
6.616	0.006
6.638	0.005
6.660	0.004
6.682	0.002
6.705	0.001
6.722	0.008
6.717	0.027
6.707	0.047
6.698	0.067
6.688	0.086
6.679	0.106
6.669	0.126
6.659	0.146
6.650	0.166
6.641	0.186
6.632	0.206
6.623	0.226
6.614	0.246
6.606	0.266
6.597	0.287
6.589	0.307
6.580	0.328
6.572	0.348
6.564	0.368
6.556	0.389
6.547	0.409
6.539	0.430
6.531	0.451
6.523	0.471
6.515	0.492
6.511	0.513
6.517	0.529
6.539	0.532
6.561	0.533
6.583	0.534
6.605	0.534
6.627	0.534
6.649	0.535
6.671	0.536
6.693	0.536
6.715	0.538
6.738	0.539
6.760	0.541
6.781	0.542
6.803	0.545
6.825	0.547
6.847	0.549
6.869	0.553
6.891	0.557
6.893	0.575
6.882	0.594
6.871	0.612
6.858	0.631
6.846	0.649
6.834	0.668
6.822	0.686
6.811	0.705
6.800	0.724
6.790	0.743
6.779	0.763
6.769	0.782
6.759	0.802
6.749	0.822
6.741	0.842
6.736	0.864
6.746	0.882
6.759	0.899
6.774	0.915
6.788	0.932
6.803	0.948
6.818	0.964
6.832	0.980
6.846	0.998
6.860	1.015
6.874	1.032
6.888	1.049
6.902	1.066
6.916	1.084
6.930	1.101
6.944	1.118
6.958	1.135
6.971	1.152
6.983	1.171
6.993	1.190
7.004	1.210
7.014	1.229
7.025	1.249
7.035	1.268
7.046	1.287
7.056	1.307
7.067	1.326
7.077	1.346
7.087	1.365
7.094	1.386
7.100	1.407
7.107	1.428
7.113	1.450
7.120	1.471
7.126	1.492
7.133	1.513
7.139	1.534
7.146	1.556
7.152	1.577
7.157	1.598
7.160	1.620
7.162	1.641
7.165	1.663
7.168	1.685
7.170	1.707
7.173	1.729
7.176	1.751
7.178	1.773
7.181	1.795
7.183	1.817
7.186	1.839
7.187	1.861
7.187	1.883
7.187	1.905
7.187	1.927
7.187	1.949
7.185	1.971
7.184	1.993
7.183	2.015
7.181	2.037
7.180	2.059
7.177	2.081
7.174	2.103
7.171	2.125
7.169	2.147
7.166	2.168
7.161	2.190
7.157	2.212
7.152	2.233
7.147	2.255
7.142	2.276
7.137	2.297
7.135	2.318
7.145	2.337
7.156	2.357
7.167	2.376
7.177	2.395
7.187	2.415
7.197	2.434
7.207	2.454
7.217	2.474
7.227	2.494
7.237	2.513
7.247	2.533
7.256	2.553
7.266	2.573
7.275	2.593
7.285	2.613
7.294	2.633
7.304	2.653
7.314	2.673
7.323	2.692
7.332	2.712
7.342	2.732
7.351	2.752
7.360	2.772
7.369	2.792
7.379	2.812
7.388	2.832
7.397	2.852
7.407	2.872
7.416	2.892
7.425	2.912
7.434	2.932
7.443	2.953
7.452	2.973
7.461	2.993
7.470	3.013
7.479	3.033
7.488	3.053
7.497	3.073
7.506	3.094
7.514	3.114
7.523	3.134
7.531	3.155
7.540	3.175
7.548	3.196
7.557	3.216
7.566	3.236
7.574	3.257
7.583	3.277
7.591	3.298
7.600	3.318
7.608	3.339
7.617	3.359
7.626	3.379
7.634	3.399
7.642	3.420
7.650	3.441
7.658	3.461
7.666	3.482
7.674	3.502
7.682	3.523
7.689	3.544
7.697	3.564
7.705	3.585
7.713	3.606
7.721	3.626
7.729	3.647
7.737	3.667
7.745	3.688
7.753	3.709
7.760	3.729
7.768	3.750
7.775	3.771
7.783	3.792
7.790	3.813
7.797	3.833
7.805	3.854
7.812	3.875
7.819	3.896
7.827	3.917
7.834	3.938
7.842	3.959
7.849	3.980
7.856	4.000
7.864	4.021
7.870	4.042
7.877	4.063
7.883	4.084
7.890	4.105
7.897	4.126
7.903	4.147
7.910	4.169
7.917	4.190
7.924	4.211
7.930	4.232
7.937	4.253
7.944	4.274
7.950	4.295
7.957	4.316
7.964	4.337
7.972	4.357
7.981	4.377
8.000	4.378
8.022	4.372
8.043	4.365
8.063	4.358
8.085	4.351
8.105	4.345
8.127	4.340
8.148	4.334
8.170	4.329
8.191	4.324
8.213	4.318
8.234	4.313
8.256	4.307
8.277	4.302
8.298	4.297
8.320	4.291
8.341	4.286
8.362	4.281
8.384	4.279
8.406	4.277
8.428	4.275
8.450	4.273
8.472	4.271
8.494	4.269
8.517	4.267
8.539	4.265
8.561	4.263
8.583	4.261
8.605	4.259
8.627	4.257
8.648	4.257
8.670	4.259
8.693	4.260
8.715	4.262
8.737	4.263
8.759	4.265
8.781	4.266
8.803	4.268
8.825	4.269
8.847	4.270
8.869	4.272
8.891	4.273
8.913	4.277
8.934	4.282
8.956	4.287
8.977	4.292
8.999	4.297
9.020	4.302
9.042	4.307
9.063	4.312
9.085	4.317
9.106	4.322
9.128	4.327
9.150	4.332
9.170	4.339
9.191	4.346
9.212	4.354
9.232	4.362
9.252	4.370
9.273	4.379
9.293	4.388
9.313	4.397
9.333	4.406
9.353	4.415
9.373	4.425
9.393	4.435
9.412	4.444
9.432	4.454
9.452	4.464
9.471	4.475
9.490	4.486
9.509	4.497
9.528	4.508
9.546	4.521
9.565	4.533
9.583	4.545
9.601	4.558
9.618	4.572
9.636	4.585
9.654	4.598
9.671	4.611
9.689	4.625
9.706	4.639
9.723	4.652
9.739	4.667
9.755	4.683
9.763	4.700
9.742	4.705
9.721	4.710
9.699	4.715
9.677	4.720
9.656	4.725
9.634	4.730
9.613	4.735
9.591	4.740
9.570	4.745
9.548	4.750
9.526	4.754
9.506	4.760
9.485	4.768
9.464	4.776
9.444	4.784
9.423	4.793
9.403	4.801
9.382	4.809
9.362	4.817
9.342	4.825
9.321	4.834
9.302	4.843
9.283	4.855
9.264	4.866
9.245	4.878
9.227	4.890
9.208	4.901
9.189	4.913
9.170	4.925
9.152	4.937
9.133	4.948
9.116	4.962
9.100	4.977
9.083	4.992
9.067	5.006
9.050	5.021
9.034	5.036
9.017	5.050
9.001	5.065
8.984	5.080
8.967	5.094
8.953	5.111
8.939	5.127
8.924	5.144
8.910	5.161
8.895	5.177
8.880	5.194
8.867	5.211
8.854	5.229
8.841	5.247
8.828	5.265
8.816	5.283
8.803	5.301
8.790	5.319
8.779	5.338
8.768	5.357
8.757	5.376
8.746	5.396
8.736	5.415
8.725	5.434
8.714	5.454
8.704	5.473
8.695	5.493
8.686	5.514
8.677	5.534
8.668	5.554
8.659	5.574
8.649	5.594
8.641	5.614
8.631	5.634
8.622	5.654
8.612	5.674
8.603	5.694
8.593	5.714
8.584	5.734
8.574	5.754
8.565	5.774
8.555	5.794
8.546	5.814
8.537	5.834
8.527	5.854
8.517	5.873
8.505	5.892
8.493	5.910
8.481	5.929
8.469	5.948
8.457	5.966
8.445	5.985
8.434	6.004
8.422	6.023
8.410	6.041
8.398	6.060
8.385	6.077
8.371	6.094
8.356	6.110
8.341	6.127
8.327	6.144
8.312	6.160
8.297	6.177
8.283	6.193
8.268	6.210
8.253	6.226
8.239	6.242
8.222	6.256
8.204	6.270
8.187	6.284
8.170	6.298
8.153	6.312
8.135	6.326
8.118	6.339
8.101	6.353
8.084	6.367
8.067	6.380
8.049	6.392
8.030	6.404
8.011	6.415
7.992	6.427
7.973	6.437
7.954	6.448
7.934	6.458
7.915	6.468
7.895	6.477
7.874	6.486
7.854	6.494
7.834	6.502
7.813	6.510
7.792	6.517
7.771	6.525
7.750	6.532
7.729	6.539
7.709	6.547
7.688	6.555
7.668	6.563
7.656	6.577
7.668	6.594
7.684	6.609
7.700	6.623
7.717	6.637
7.735	6.652
7.752	6.664
7.771	6.676
7.790	6.687
7.810	6.697
7.829	6.707
7.850	6.715
7.870	6.723
7.891	6.731
7.912	6.737
7.933	6.744
7.953	6.750
7.975	6.756
7.997	6.761
8.018	6.766
8.040	6.769
8.062	6.772
8.084	6.775
8.106	6.778
8.128	6.781
8.150	6.784
8.172	6.787
8.194	6.790
8.215	6.793
8.237	6.795
8.259	6.796
8.281	6.796
8.303	6.797
8.325	6.797
8.348	6.798
8.370	6.798
8.392	6.798
8.414	6.799
8.436	6.799
8.458	6.800
8.480	6.800
8.502	6.800
8.524	6.801
8.546	6.800
8.568	6.799
8.590	6.798
8.612	6.797
8.634	6.796
8.657	6.794
8.679	6.793
8.701	6.792
8.723	6.791
8.745	6.790
8.767	6.789
8.789	6.788
8.811	6.787
8.833	6.786
8.856	6.785
8.877	6.783
8.899	6.781
8.921	6.778
8.943	6.776
8.965	6.774
8.987	6.772
9.009	6.770
9.031	6.767
9.053	6.765
9.075	6.763
9.097	6.761
9.119	6.758
9.141	6.756
9.163	6.754
9.185	6.752
9.207	6.750
9.229	6.747
9.250	6.745
9.272	6.743
9.294	6.740
9.316	6.738
9.338	6.735
9.360	6.733
9.382	6.731
9.404	6.730
9.426	6.728
9.448	6.726
9.470	6.725
9.492	6.724
9.514	6.724
9.536	6.723
9.558	6.722
9.580	6.722
9.602	6.722
9.625	6.722
9.647	6.722
9.669	6.721
9.691	6.721
9.713	6.721
9.735	6.721
9.757	6.721
9.779	6.721
9.801	6.722
9.823	6.722
9.845	6.722
9.867	6.723
9.889	6.723
9.912	6.724
9.933	6.725
9.955	6.727
9.977	6.728
10.000	6.730
10.021	6.733
10.043	6.736
10.065	6.739
10.087	6.742
10.108	6.746
10.130	6.751
10.152	6.755
10.173	6.759
10.195	6.764
10.217	6.768
10.238	6.773
10.260	6.777
10.282	6.781
10.304	6.786
10.324	6.791
10.346	6.798
10.367	6.804
10.388	6.811
10.409	6.818
10.430	6.824
10.451	6.831
10.472	6.838
10.493	6.844
10.515	6.851
10.535	6.859
10.555	6.868
10.575	6.877
10.595	6.886
10.616	6.895
10.636	6.904
10.656	6.913
10.676	6.922
10.697	6.931
10.716	6.940
10.735	6.951
10.754	6.963
10.773	6.974
10.792	6.985
10.811	6.997
10.830	7.008
10.849	7.019
10.868	7.031
10.887	7.042
10.905	7.054
10.923	7.067
10.940	7.081
10.958	7.095
10.975	7.108
10.993	7.122
11.008	7.136
11.025	7.152
11.041	7.167
11.057	7.182
11.073	7.197
11.089	7.212
11.105	7.227
11.120	7.243
11.135	7.259
11.150	7.275
11.165	7.291
11.180	7.307
11.195	7.323
11.210	7.339
11.224	7.356
11.238	7.374
11.251	7.391
11.265	7.409
11.278	7.426
11.291	7.444
11.302	7.463
11.314	7.482
11.325	7.501
11.337	7.520
11.348	7.539
11.359	7.558
11.370	7.576
11.380	7.596
11.389	7.616
11.399	7.636
11.409	7.656
11.418	7.676
11.428	7.696
11.436	7.716
11.443	7.737
11.451	7.758
11.458	7.779
11.466	7.800
11.473	7.821
11.479	7.841
11.483	7.863
11.487	7.885
11.491	7.907
11.495	7.929
11.498	7.950
11.499	7.972
11.501	7.994
11.490	7.989
11.474	7.973
11.458	7.958
11.443	7.943
11.427	7.928
11.410	7.914
11.393	7.900
11.376	7.886
11.358	7.871
11.341	7.857
11.324	7.843
11.307	7.829
11.291	7.816
11.272	7.804
11.253	7.793
11.234	7.781
11.215	7.770
11.196	7.758
11.177	7.747
11.158	7.735
11.139	7.724
11.120	7.713
11.100	7.704
11.080	7.695
11.060	7.686
11.040	7.677
11.019	7.668
10.999	7.659
10.979	7.650
10.959	7.641
10.939	7.632
10.918	7.625
10.897	7.619
10.875	7.612
10.854	7.606
10.833	7.599
10.812	7.593
10.791	7.586
10.770	7.580
10.748	7.573
10.727	7.568
10.706	7.564
10.684	7.559
10.663	7.554
10.641	7.550
10.619	7.545
10.598	7.541
10.576	7.538
10.554	7.535
10.532	7.532
10.511	7.528
10.490	7.525
10.468	7.524
10.446	7.522
10.423	7.521
10.401	7.519
10.379	7.518
10.358	7.517
10.336	7.516
10.313	7.516
10.291	7.515
10.269	7.515
10.247	7.515
10.225	7.514
10.203	7.514
10.181	7.515
10.159	7.515
10.137	7.516
10.115	7.517
10.092	7.518
10.070	7.518
10.048	7.519
10.026	7.520
10.004	7.520
9.982	7.521
9.960	7.522
9.938	7.524
9.916	7.526
9.894	7.528
9.872	7.531
9.850	7.533
9.828	7.536
9.806	7.538
9.784	7.541
9.762	7.543
9.740	7.546
9.718	7.548
9.697	7.552
9.675	7.557
9.653	7.561
9.632	7.565
9.610	7.570
9.588	7.574
9.567	7.578
9.545	7.583
9.523	7.587
9.501	7.591
9.480	7.595
9.459	7.601
9.437	7.606
9.416	7.612
9.395	7.618
9.373	7.623
9.352	7.629
9.330	7.634
9.309	7.640
9.287	7.646
9.266	7.651
9.245	7.657
9.223	7.663
9.202	7.668
9.180	7.674
9.160	7.680
9.138	7.685
9.117	7.691
9.096	7.697
9.074	7.703
9.053	7.709
9.031	7.714
9.010	7.720
8.989	7.726
8.967	7.732
8.946	7.738
8.925	7.743
8.903	7.749
8.882	7.755
8.861	7.761
8.840	7.766
8.818	7.770
8.797	7.775
8.775	7.780
8.753	7.785
8.732	7.790
8.710	7.795
8.689	7.800
8.667	7.804
8.645	7.809
8.624	7.814
8.603	7.819
8.581	7.822
8.559	7.826
8.537	7.829
8.515	7.833
8.494	7.836
8.472	7.840
8.450	7.843
8.428	7.847
8.407	7.850
8.385	7.854
8.363	7.856
8.341	7.858
8.319	7.860
8.297	7.862
8.275	7.864
8.253	7.866
8.231	7.868
8.209	7.870
8.187	7.873
8.165	7.875
8.143	7.877
8.121	7.876
8.099	7.876
8.077	7.875
8.055	7.875
8.033	7.874
8.011	7.874
7.989	7.873
7.967	7.873
7.944	7.872
7.922	7.872
7.900	7.871
7.878	7.871
7.856	7.870
7.834	7.870
7.812	7.870
7.790	7.869
7.767	7.869
7.745	7.868
7.723	7.868
7.702	7.863
7.680	7.859
7.659	7.854
7.637	7.849
7.615	7.845
7.594	7.840
7.572	7.836
7.551	7.831
7.529	7.826
7.507	7.822
7.486	7.817
7.464	7.813
7.442	7.808
7.421	7.804
7.399	7.799
7.377	7.794
7.356	7.790
7.336	7.783
7.315	7.774
7.295	7.764
7.275	7.755
7.255	7.746
7.235	7.737
7.215	7.728
7.195	7.719
7.174	7.710
7.154	7.700
7.134	7.691
7.114	7.682
7.094	7.673
7.074	7.664
7.054	7.655
7.033	7.646
7.014	7.636
6.996	7.623
6.979	7.610
6.961	7.596
6.944	7.583
6.926	7.569
6.908	7.556
6.891	7.543
6.873	7.529
6.856	7.516
6.838	7.502
6.820	7.489
6.803	7.476
6.785	7.462
6.768	7.449
6.750	7.435
6.732	7.422
6.717	7.407
6.701	7.391
6.686	7.375
6.671	7.359
6.655	7.343
6.640	7.327
6.625	7.311
6.610	7.295
6.595	7.279
6.582	7.262
6.568	7.245
6.554	7.227
6.540	7.210
6.527	7.192
6.513	7.175
6.499	7.158
6.486	7.141
6.474	7.122
6.462	7.104
6.449	7.085
6.437	7.067
6.425	7.048
6.413	7.030
6.401	7.011
6.389	6.993
6.378	6.974
6.368	6.954
6.357	6.935
6.347	6.915
6.336	6.896
6.326	6.876
6.315	6.857
6.304	6.837
6.294	6.818
6.284	6.799
6.275	6.779
6.265	6.759
6.255	6.739
6.245	6.719
6.236	6.699
6.221	6.689
6.199	6.693
6.177	6.695
6.155	6.697
6.133	6.699
6.112	6.700
6.089	6.700
6.067	6.700
6.045	6.700
6.023	6.700
6.001	6.701
5.979	6.700
5.957	6.700
5.935	6.700
5.913	6.700
5.891	6.700
5.869	6.699
5.847	6.697
5.825	6.696
5.803	6.693
5.781	6.690
5.764	6.694
5.754	6.714
5.744	6.734
5.735	6.754
5.725	6.774
5.715	6.793
5.705	6.813
5.695	6.832
5.684	6.852
5.674	6.871
5.664	6.891
5.653	6.910
5.643	6.930
5.633	6.949
5.623	6.968
5.611	6.987
5.599	7.006
5.587	7.025
5.575	7.043
5.563	7.062
5.551	7.081
5.540	7.100
5.528	7.118
5.514	7.135
5.501	7.153
5.487	7.170
5.474	7.188
5.460	7.205
5.446	7.223
5.433	7.240
5.419	7.257
5.404	7.273
5.389	7.289
5.374	7.306
5.359	7.322
5.344	7.338
5.329	7.355
5.314	7.371
5.299	7.386
5.283	7.401
5.267	7.417
5.251	7.432
5.235	7.447
5.219	7.462
5.203	7.478
5.186	7.492
5.169	7.506
5.152	7.520
5.135	7.534
5.118	7.548
5.101	7.561
5.082	7.574
5.064	7.586
5.046	7.599
5.027	7.611
5.009	7.622
4.990	7.633
4.970	7.644
4.951	7.655
4.932	7.666
4.912	7.677
4.893	7.686
4.873	7.695
4.853	7.704
4.833	7.713
4.812	7.722
4.792	7.731
4.772	7.740
4.752	7.749
4.731	7.758
4.711	7.767
4.691	7.775
4.670	7.781
4.649	7.787
4.627	7.793
4.606	7.800
4.585	7.806
4.563	7.812
4.542	7.818
4.521	7.824
4.500	7.831
4.479	7.836
4.457	7.839
4.435	7.842
4.413	7.846
4.391	7.849
4.369	7.852
4.347	7.856
4.325	7.859
4.304	7.862
4.282	7.866
4.260	7.869
4.238	7.870
4.216	7.871
4.194	7.872
4.172	7.873
4.150	7.874
4.128	7.875
4.105	7.876
4.083	7.877
4.061	7.878
4.039	7.879
4.017	7.879
3.995	7.880
3.973	7.879
3.951	7.878
3.929	7.877
3.907	7.876
3.885	7.875
3.863	7.874
3.841	7.873
3.818	7.872
3.796	7.871
3.774	7.870
3.752	7.869
3.730	7.867
3.709	7.865
3.687	7.862
3.665	7.859
3.643	7.856
3.621	7.853
3.599	7.851
3.577	7.848
3.555	7.845
3.533	7.842
3.511	7.840
3.489	7.837
3.468	7.832
3.446	7.828
3.424	7.823
3.403	7.819
3.382	7.814
3.360	7.810
3.338	7.805
3.317	7.801
3.295	7.796
3.273	7.792
3.252	7.787
3.230	7.783
3.209	7.778
3.188	7.773
3.166	7.767
3.145	7.761
3.124	7.756
3.102	7.750
3.081	7.744
3.059	7.739
3.038	7.733
3.017	7.727
2.995	7.722
2.974	7.716
2.953	7.710
2.931	7.705
2.910	7.699
2.888	7.693
2.867	7.687
2.846	7.682
2.825	7.676
2.803	7.671
2.782	7.665
2.761	7.659
2.739	7.654
2.718	7.648
2.696	7.642
2.675	7.637
2.654	7.631
2.632	7.625
2.611	7.620
2.590	7.614
2.568	7.608
2.547	7.603
2.526	7.598
2.504	7.593
2.482	7.589
2.461	7.584
2.439	7.580
2.417	7.576
2.396	7.571
2.374	7.567
2.352	7.563
2.330	7.558
2.309	7.554
2.287	7.550
2.266	7.547
2.244	7.544
2.222	7.542
2.200	7.539
2.178	7.537
2.155	7.534
2.133	7.532
2.111	7.529
2.089	7.527
2.067	7.524
2.046	7.522
2.024	7.521
2.002	7.521
1.980	7.520
1.958	7.519
1.935	7.519
1.913	7.518
1.891	7.517
1.869	7.516
1.847	7.516
1.825	7.515
1.803	7.514
1.781	7.514
1.759	7.515
1.737	7.515
1.715	7.515
1.692	7.516
1.670	7.516
1.648	7.517
1.626	7.517
1.604	7.519
1.582	7.520
1.560	7.522
1.538	7.524
1.516	7.525
1.494	7.527
1.473	7.530
1.451	7.534
1.429	7.537
1.407	7.540
1.386	7.543
1.364	7.547
1.343	7.552
1.321	7.557
1.300	7.562
1.278	7.567
1.256	7.572
1.235	7.577
1.214	7.583
1.193	7.590
1.172	7.597
1.151	7.604
1.130	7.611
1.109	7.618
1.088	7.624
1.067	7.631
1.046	7.638
1.026	7.646
1.006	7.655
0.986	7.665
0.966	7.674
0.945	7.683
0.925	7.693
0.905	7.702
0.885	7.711
0.865	7.721
0.845	7.730
0.827	7.741
0.808	7.753
0.789	7.765
0.770	7.777
0.752	7.788
0.733	7.800
0.714	7.812
0.695	7.823
0.677	7.835
0.660	7.849
0.643	7.864
0.627	7.878
0.610	7.893
0.594	7.907
0.577	7.922
0.560	7.937
0.544	7.951
0.529	7.967
0.514	7.983
0.498	7.999
