x	y
4.995	5.118
4.984	5.118
4.972	5.118
4.961	5.118
4.949	5.118
4.937	5.118
4.926	5.118
4.914	5.118
4.902	5.118
4.891	5.118
4.879	5.118
4.868	5.118
4.856	5.118
4.844	5.118
4.833	5.118
4.821	5.117
4.809	5.117
4.798	5.117
4.786	5.117
4.775	5.117
4.763	5.117
4.751	5.117
4.739	5.117
4.728	5.117
4.716	5.117
4.705	5.117
4.693	5.117
4.681	5.117
4.670	5.117
4.658	5.117
4.647	5.117
4.635	5.117
4.624	5.117
4.612	5.117
4.600	5.117
4.588	5.117
4.577	5.117
4.565	5.117
4.554	5.117
4.542	5.117
4.530	5.117
4.519	5.117
4.507	5.117
4.495	5.117
4.484	5.117
4.472	5.117
4.461	5.117
4.449	5.117
4.437	5.117
4.426	5.117
4.414	5.117
4.402	5.117
4.391	5.117
4.379	5.117
4.368	5.117
4.356	5.117
4.344	5.117
4.332	5.117
4.321	5.117
4.309	5.117
4.298	5.117
4.286	5.117
4.275	5.117
4.263	5.117
4.251	5.116
4.240	5.116
4.228	5.116
4.217	5.116
4.205	5.116
4.193	5.116
4.181	5.116
4.170	5.116
4.158	5.116
4.147	5.116
4.135	5.116
4.123	5.116
4.112	5.116
4.100	5.116
4.088	5.116
4.077	5.116
4.065	5.116
4.054	5.116
4.042	5.116
4.030	5.116
4.028	5.107
4.028	5.096
4.028	5.084
4.028	5.073
4.029	5.061
4.029	5.049
4.029	5.038
4.029	5.026
4.029	5.015
4.029	5.003
4.030	4.992
4.030	4.980
4.030	4.968
4.030	4.957
4.030	4.945
4.031	4.933
4.031	4.922
4.031	4.910
4.031	4.899
4.034	4.889
4.045	4.888
4.057	4.887
4.068	4.885
4.080	4.884
4.091	4.882
4.102	4.879
4.114	4.877
4.125	4.874
4.136	4.872
4.148	4.869
4.159	4.867
4.171	4.864
4.182	4.862
4.193	4.859
4.205	4.857
4.216	4.854
4.226	4.850
4.237	4.845
4.247	4.839
4.257	4.834
4.268	4.829
4.278	4.824
4.289	4.819
4.299	4.814
4.310	4.808
4.320	4.803
4.331	4.798
4.340	4.791
4.348	4.783
4.356	4.775
4.365	4.767
4.373	4.759
4.382	4.751
4.390	4.743
4.399	4.735
4.407	4.727
4.415	4.719
4.419	4.708
4.423	4.697
4.427	4.686
4.431	4.675
4.435	4.664
4.440	4.653
4.444	4.642
4.447	4.632
4.447	4.620
4.446	4.609
4.446	4.597
4.445	4.586
4.443	4.574
4.441	4.563
4.439	4.551
4.437	4.540
4.435	4.528
4.433	4.517
4.431	4.506
4.428	4.494
4.426	4.483
4.423	4.472
4.420	4.460
4.418	4.449
4.415	4.437
4.413	4.426
4.410	4.415
4.408	4.404
4.405	4.392
4.402	4.381
4.399	4.370
4.396	4.359
4.393	4.347
4.391	4.336
4.388	4.325
4.385	4.313
4.382	4.302
4.379	4.291
4.377	4.279
4.374	4.268
4.371	4.257
4.368	4.246
4.365	4.234
4.363	4.223
4.360	4.212
4.357	4.201
4.354	4.190
4.351	4.178
4.348	4.167
4.345	4.156
4.342	4.145
4.340	4.133
4.337	4.122
4.334	4.111
4.331	4.100
4.328	4.088
4.325	4.077
4.322	4.066
4.319	4.054
4.316	4.043
4.314	4.032
4.311	4.020
4.308	4.009
4.305	3.998
4.302	3.987
4.299	3.976
4.296	3.965
4.293	3.953
4.290	3.942
4.287	3.931
4.284	3.920
4.281	3.909
4.278	3.897
4.275	3.886
4.272	3.875
4.269	3.864
4.266	3.852
4.263	3.841
4.260	3.830
4.257	3.819
4.254	3.807
4.251	3.796
4.248	3.785
4.245	3.774
4.242	3.762
4.239	3.751
4.236	3.740
4.233	3.729
4.230	3.718
4.227	3.707
4.224	3.695
4.221	3.684
4.218	3.673
4.215	3.662
4.212	3.650
4.209	3.639
4.206	3.628
4.203	3.617
4.200	3.605
4.197	3.594
4.193	3.583
4.190	3.572
4.187	3.561
4.184	3.549
4.181	3.538
4.178	3.527
4.175	3.516
4.172	3.505
4.169	3.494
4.166	3.482
4.163	3.471
4.160	3.460
4.156	3.449
4.153	3.438
4.150	3.427
4.147	3.415
4.144	3.404
4.141	3.393
4.137	3.382
4.134	3.370
4.131	3.359
4.128	3.348
4.125	3.337
4.122	3.326
4.119	3.315
4.115	3.303
4.112	3.292
4.109	3.281
4.106	3.270
4.103	3.259
4.100	3.247
4.097	3.236
4.093	3.225
4.090	3.214
4.087	3.203
4.084	3.192
4.081	3.180
4.077	3.169
4.074	3.158
4.071	3.147
4.068	3.136
4.064	3.125
4.061	3.113
4.058	3.102
4.055	3.091
4.052	3.080
4.048	3.069
4.045	3.058
4.042	3.046
4.039	3.035
4.035	3.024
4.032	3.013
4.029	3.002
4.026	2.991
4.022	2.979
4.019	2.968
4.016	2.957
4.012	2.946
4.009	2.935
4.006	2.924
4.003	2.913
3.999	2.901
3.996	2.891
3.993	2.879
3.989	2.868
3.986	2.857
3.983	2.846
3.980	2.835
3.976	2.824
3.973	2.812
3.970	2.801
3.966	2.790
3.963	2.779
3.960	2.768
3.957	2.757
3.953	2.746
3.950	2.735
3.947	2.723
3.943	2.712
3.940	2.701
3.937	2.690
3.933	2.679
3.930	2.668
3.927	2.656
3.923	2.645
3.920	2.634
3.917	2.623
3.913	2.612
3.910	2.601
3.907	2.590
3.903	2.578
3.900	2.567
3.897	2.556
3.894	2.545
3.890	2.534
3.887	2.523
3.882	2.512
3.875	2.512
3.871	2.524
3.867	2.534
3.863	2.545
3.859	2.556
3.855	2.567
3.851	2.578
3.847	2.589
3.843	2.599
3.839	2.611
3.835	2.621
3.831	2.633
3.827	2.643
3.823	2.654
3.819	2.665
3.815	2.676
3.811	2.687
3.807	2.698
3.803	2.708
3.799	2.720
3.795	2.730
3.791	2.741
3.787	2.752
3.783	2.763
3.779	2.774
3.775	2.785
3.771	2.796
3.767	2.807
3.763	2.818
3.759	2.828
3.755	2.840
3.751	2.850
3.747	2.861
3.743	2.872
3.739	2.883
3.735	2.894
3.731	2.905
3.727	2.916
3.723	2.927
3.719	2.938
3.715	2.949
3.711	2.960
3.707	2.971
3.703	2.981
3.699	2.993
3.695	3.003
3.691	3.014
3.687	3.025
3.683	3.036
3.679	3.047
3.675	3.058
3.671	3.069
3.667	3.080
3.663	3.091
3.659	3.101
3.655	3.112
3.651	3.123
3.647	3.134
3.643	3.145
3.639	3.156
3.636	3.167
3.631	3.178
3.628	3.188
3.623	3.200
3.620	3.210
3.615	3.221
3.612	3.232
3.608	3.243
3.604	3.254
3.600	3.265
3.596	3.276
3.592	3.287
3.588	3.298
3.584	3.309
3.580	3.320
3.576	3.331
3.572	3.341
3.568	3.353
3.564	3.363
3.560	3.374
3.556	3.385
3.552	3.396
3.548	3.407
3.544	3.418
3.540	3.429
3.536	3.440
3.532	3.451
3.528	3.461
3.524	3.472
3.520	3.483
3.516	3.494
3.512	3.505
3.508	3.516
3.504	3.527
3.500	3.538
3.496	3.548
3.492	3.560
3.488	3.570
3.484	3.581
3.480	3.592
3.476	3.603
3.472	3.614
3.468	3.625
3.464	3.636
3.460	3.647
3.456	3.658
3.452	3.669
3.448	3.680
3.444	3.691
3.440	3.701
3.436	3.713
3.432	3.723
3.428	3.734
3.424	3.745
3.420	3.756
3.416	3.767
3.412	3.778
3.408	3.789
3.404	3.800
3.400	3.811
3.396	3.821
3.392	3.833
3.388	3.843
3.384	3.854
3.380	3.865
3.376	3.876
3.372	3.887
3.368	3.898
3.364	3.908
3.360	3.920
3.356	3.930
3.352	3.941
3.348	3.952
3.344	3.963
3.340	3.974
3.336	3.985
3.332	3.996
3.328	4.007
3.324	4.018
3.320	4.029
3.316	4.040
3.312	4.050
3.308	4.061
3.304	4.072
3.300	4.083
3.296	4.094
3.292	4.105
3.288	4.116
3.284	4.127
3.280	4.138
3.276	4.149
3.272	4.160
3.268	4.171
3.264	4.181
3.260	4.193
3.256	4.203
3.252	4.214
3.248	4.225
3.244	4.236
3.240	4.247
3.236	4.258
3.232	4.269
3.228	4.280
3.224	4.291
3.220	4.302
3.216	4.312
3.212	4.323
3.208	4.334
3.204	4.345
3.200	4.356
3.196	4.367
3.192	4.378
3.188	4.388
3.184	4.399
3.180	4.410
3.176	4.421
3.172	4.432
3.168	4.443
3.164	4.454
3.160	4.465
3.156	4.476
3.152	4.487
3.148	4.498
3.144	4.509
3.140	4.519
3.136	4.531
3.132	4.541
3.128	4.552
3.124	4.563
3.120	4.574
3.116	4.585
3.112	4.596
3.108	4.607
3.104	4.618
3.100	4.629
3.096	4.640
3.092	4.650
3.088	4.662
3.084	4.672
3.080	4.683
3.076	4.694
3.072	4.705
3.068	4.716
3.064	4.727
3.060	4.738
3.056	4.749
3.052	4.760
3.048	4.770
3.044	4.782
3.040	4.792
3.036	4.803
3.032	4.814
3.028	4.825
3.024	4.836
3.020	4.847
3.016	4.858
3.012	4.869
3.008	4.880
3.004	4.891
3.000	4.901
2.996	4.912
2.992	4.923
2.988	4.934
2.984	4.945
2.980	4.956
2.976	4.967
2.972	4.978
2.968	4.989
2.964	5.000
2.960	5.011
2.956	5.022
2.952	5.032
2.948	5.043
2.944	5.054
2.940	5.065
2.930	5.067
2.919	5.067
2.907	5.067
2.895	5.067
2.884	5.068
2.872	5.068
2.860	5.068
2.849	5.068
2.837	5.068
2.826	5.068
2.814	5.068
2.802	5.069
2.791	5.069
2.780	5.069
2.768	5.069
2.756	5.069
2.744	5.069
2.733	5.070
2.721	5.070
2.710	5.070
2.698	5.070
2.686	5.070
2.675	5.070
2.663	5.070
2.660	5.059
2.658	5.049
2.655	5.037
2.652	5.027
2.648	5.016
2.645	5.004
2.641	4.993
2.637	4.982
2.634	4.971
2.630	4.960
2.627	4.949
2.623	4.938
2.620	4.927
2.616	4.916
2.613	4.905
2.609	4.893
2.606	4.883
2.602	4.871
2.599	4.860
2.595	4.849
2.592	4.838
2.588	4.827
2.585	4.816
2.581	4.805
2.578	4.794
2.574	4.782
2.571	4.772
2.567	4.760
2.564	4.749
2.560	4.738
2.557	4.727
2.553	4.716
2.550	4.705
2.546	4.694
2.543	4.683
2.539	4.672
2.536	4.661
2.532	4.650
2.529	4.638
2.525	4.628
2.521	4.616
2.518	4.605
2.514	4.594
2.511	4.583
2.507	4.572
2.504	4.561
2.500	4.550
2.497	4.539
2.493	4.528
2.490	4.517
2.486	4.506
2.483	4.495
2.479	4.484
2.476	4.473
2.472	4.461
2.469	4.450
2.465	4.439
2.462	4.428
2.458	4.417
2.455	4.406
2.451	4.395
2.448	4.384
2.444	4.373
2.441	4.362
2.437	4.351
2.434	4.340
2.430	4.329
2.427	4.317
2.423	4.306
2.420	4.295
2.416	4.284
2.412	4.273
2.409	4.262
2.405	4.251
2.402	4.240
2.398	4.229
2.395	4.218
2.391	4.206
2.388	4.195
2.384	4.184
2.381	4.173
2.377	4.162
2.374	4.151
2.370	4.140
2.367	4.129
2.363	4.118
2.360	4.107
2.356	4.095
2.353	4.085
2.349	4.074
2.346	4.063
2.342	4.051
2.339	4.041
2.335	4.030
2.331	4.018
2.328	4.008
2.324	3.996
2.321	3.985
2.317	3.974
2.314	3.963
2.310	3.952
2.307	3.941
2.303	3.930
2.300	3.919
2.296	3.908
2.292	3.897
2.289	3.885
2.285	3.874
2.282	3.863
2.278	3.852
2.275	3.841
2.271	3.830
2.268	3.819
2.264	3.808
2.261	3.797
2.257	3.786
2.253	3.774
2.250	3.764
2.246	3.753
2.243	3.742
2.239	3.730
2.236	3.720
2.232	3.709
2.229	3.697
2.225	3.686
2.222	3.675
2.218	3.665
2.215	3.653
2.211	3.642
2.207	3.631
2.204	3.620
2.200	3.609
2.197	3.598
2.193	3.587
2.190	3.576
2.186	3.565
2.183	3.554
2.179	3.542
2.176	3.532
2.172	3.520
2.169	3.509
2.165	3.498
2.162	3.488
2.158	3.476
2.154	3.465
2.151	3.454
2.147	3.443
2.144	3.432
2.140	3.421
2.137	3.410
2.133	3.399
2.130	3.388
2.126	3.377
2.123	3.366
2.119	3.354
2.116	3.344
2.112	3.332
2.108	3.321
2.105	3.310
2.101	3.300
2.098	3.288
2.094	3.277
2.091	3.266
2.087	3.255
2.084	3.244
2.080	3.233
2.077	3.222
2.073	3.211
2.070	3.199
2.066	3.189
2.062	3.177
2.059	3.166
2.055	3.155
2.052	3.144
2.048	3.133
2.045	3.122
2.041	3.111
2.038	3.100
2.034	3.089
2.031	3.078
2.027	3.067
2.024	3.056
2.020	3.045
2.017	3.034
2.013	3.023
2.010	3.011
2.006	3.001
2.002	2.989
1.999	2.978
1.995	2.967
1.992	2.956
1.988	2.945
1.985	2.934
1.981	2.923
1.978	2.912
1.974	2.901
1.971	2.890
1.967	2.878
1.964	2.868
1.960	2.856
1.956	2.845
1.953	2.834
1.949	2.823
1.946	2.812
1.942	2.801
1.939	2.790
1.935	2.779
1.932	2.768
1.928	2.757
1.925	2.745
1.921	2.734
1.917	2.723
1.914	2.712
1.911	2.701
1.907	2.691
1.903	2.680
1.900	2.668
1.896	2.657
1.893	2.646
1.889	2.635
1.885	2.624
1.882	2.613
1.878	2.602
1.874	2.591
1.871	2.580
1.867	2.569
1.863	2.558
1.859	2.547
1.855	2.536
1.849	2.528
1.843	2.536
1.840	2.546
1.836	2.558
1.833	2.569
1.830	2.580
1.826	2.591
1.823	2.602
1.820	2.613
1.816	2.625
1.813	2.636
1.810	2.647
1.807	2.658
1.803	2.669
1.800	2.680
1.797	2.691
1.793	2.702
1.790	2.713
1.787	2.725
1.783	2.736
1.780	2.747
1.777	2.758
1.773	2.769
1.770	2.780
1.767	2.791
1.763	2.802
1.760	2.814
1.757	2.825
1.754	2.836
1.750	2.847
1.747	2.858
1.744	2.869
1.740	2.881
1.737	2.892
1.734	2.903
1.730	2.914
1.727	2.925
1.724	2.936
1.720	2.948
1.717	2.959
1.714	2.970
1.710	2.981
1.707	2.992
1.704	3.003
1.701	3.014
1.697	3.025
1.694	3.036
1.691	3.047
1.688	3.058
1.684	3.070
1.681	3.081
1.678	3.092
1.674	3.103
1.671	3.114
1.668	3.125
1.664	3.137
1.661	3.148
1.658	3.159
1.655	3.170
1.651	3.181
1.648	3.192
1.645	3.204
1.641	3.215
1.638	3.226
1.635	3.237
1.631	3.248
1.628	3.259
1.625	3.271
1.622	3.282
1.618	3.293
1.615	3.304
1.612	3.315
1.609	3.326
1.605	3.337
1.602	3.348
1.599	3.359
1.595	3.371
1.592	3.382
1.589	3.393
1.586	3.404
1.582	3.415
1.579	3.426
1.576	3.438
1.572	3.448
1.569	3.460
1.566	3.471
1.562	3.482
1.559	3.493
1.556	3.504
1.553	3.515
1.549	3.527
1.546	3.538
1.543	3.549
1.539	3.560
1.536	3.571
1.533	3.582
1.530	3.594
1.526	3.605
1.523	3.616
1.520	3.627
1.516	3.638
1.513	3.649
1.510	3.660
1.507	3.671
1.503	3.682
1.500	3.694
1.497	3.705
1.493	3.716
1.490	3.727
1.487	3.738
1.484	3.749
1.480	3.761
1.477	3.772
1.474	3.783
1.470	3.794
1.467	3.805
1.464	3.816
1.460	3.828
1.457	3.839
1.454	3.850
1.451	3.861
1.447	3.872
1.444	3.883
1.441	3.895
1.437	3.906
1.434	3.917
1.431	3.928
1.428	3.939
1.424	3.950
1.421	3.961
1.418	3.972
1.414	3.984
1.411	3.995
1.408	4.005
1.404	4.017
1.401	4.028
1.398	4.039
1.395	4.050
1.391	4.061
1.388	4.072
1.385	4.084
1.381	4.095
1.378	4.106
1.375	4.117
1.371	4.128
1.368	4.139
1.365	4.151
1.362	4.162
1.358	4.173
1.355	4.184
1.352	4.195
1.348	4.206
1.345	4.217
1.342	4.228
1.338	4.240
1.335	4.251
1.332	4.262
1.329	4.273
1.325	4.284
1.322	4.295
1.319	4.307
1.315	4.318
1.312	4.329
1.309	4.340
1.306	4.351
1.302	4.362
1.299	4.373
1.296	4.384
1.292	4.395
1.289	4.407
1.286	4.418
1.282	4.429
1.279	4.440
1.276	4.451
1.273	4.462
1.269	4.474
1.266	4.485
1.263	4.496
1.259	4.507
1.256	4.518
1.253	4.529
1.250	4.540
1.247	4.552
1.244	4.563
1.241	4.574
1.238	4.585
1.235	4.596
1.232	4.608
1.230	4.619
1.228	4.631
1.226	4.642
1.225	4.654
1.225	4.665
1.225	4.676
1.227	4.688
1.229	4.699
1.233	4.710
1.237	4.721
1.242	4.732
1.248	4.741
1.254	4.751
1.261	4.760
1.269	4.768
1.277	4.777
1.286	4.784
1.295	4.791
1.305	4.798
1.314	4.805
1.323	4.812
1.333	4.817
1.344	4.822
1.354	4.826
1.365	4.831
1.376	4.836
1.386	4.841
1.397	4.844
1.408	4.848
1.419	4.851
1.431	4.854
1.442	4.857
1.453	4.861
1.464	4.864
1.475	4.866
1.487	4.868
1.498	4.870
1.510	4.871
1.521	4.873
1.533	4.875
1.544	4.877
1.555	4.879
1.567	4.880
1.578	4.882
1.589	4.884
1.599	4.890
1.599	4.901
1.599	4.913
1.599	4.924
1.598	4.936
1.598	4.947
1.598	4.959
1.598	4.970
1.598	4.982
1.598	4.993
1.598	5.005
1.598	5.016
1.597	5.028
1.597	5.040
1.597	5.051
1.597	5.063
1.597	5.075
1.597	5.086
1.597	5.098
1.597	5.109
1.587	5.111
1.575	5.111
1.564	5.111
1.552	5.111
1.541	5.111
1.529	5.111
1.517	5.111
1.506	5.110
1.494	5.110
1.482	5.110
1.471	5.110
1.459	5.110
1.448	5.110
1.436	5.110
1.424	5.110
1.413	5.110
1.401	5.110
1.389	5.110
1.378	5.110
1.366	5.110
1.355	5.110
1.343	5.109
1.331	5.109
1.319	5.109
1.308	5.109
1.296	5.109
1.285	5.109
1.273	5.109
1.261	5.109
1.250	5.109
1.238	5.109
1.227	5.109
1.215	5.109
1.203	5.109
1.192	5.109
1.180	5.109
1.168	5.108
1.157	5.108
1.145	5.108
1.134	5.108
1.122	5.108
1.110	5.108
1.099	5.108
1.087	5.108
1.075	5.108
1.064	5.108
1.052	5.108
1.041	5.108
1.029	5.108
1.017	5.108
1.005	5.107
0.994	5.107
0.982	5.107
0.971	5.107
0.959	5.107
0.948	5.107
0.936	5.107
0.924	5.107
0.912	5.107
0.901	5.107
0.890	5.107
0.878	5.107
0.866	5.107
0.854	5.107
0.843	5.106
0.831	5.106
0.820	5.106
0.808	5.106
0.797	5.106
0.785	5.106
0.774	5.106
0.762	5.106
0.750	5.106
0.738	5.106
0.727	5.106
0.715	5.106
0.704	5.106
0.692	5.106
0.680	5.105
0.669	5.105
0.657	5.105
0.645	5.105
0.634	5.105
0.622	5.105
0.611	5.105
0.599	5.105
0.587	5.105
0.576	5.105
0.564	5.105
0.553	5.105
0.541	5.105
0.529	5.104
0.518	5.104
0.506	5.104
0.494	5.104
0.483	5.104
0.471	5.104
0.460	5.104
0.448	5.104
0.437	5.104
0.425	5.104
0.413	5.104
0.402	5.104
0.390	5.103
0.378	5.103
0.367	5.103
0.355	5.103
0.344	5.103
0.332	5.103
0.320	5.103
0.308	5.103
0.297	5.103
0.285	5.103
0.274	5.103
0.262	5.102
0.250	5.102
0.239	5.102
0.228	5.102
0.216	5.102
0.204	5.102
0.193	5.102
0.181	5.102
0.170	5.102
0.158	5.102
0.146	5.101
0.134	5.101
0.123	5.101
0.111	5.101
0.100	5.101
0.088	5.101
0.077	5.101
0.065	5.101
0.053	5.101
0.041	5.101
0.030	5.100
0.018	5.100
0.007	5.100
0.000	5.094
0.000	5.083
0.001	5.071
0.001	5.060
0.001	5.048
0.001	5.037
0.002	5.025
0.002	5.014
0.003	5.002
0.003	4.990
0.004	4.979
0.004	4.967
0.005	4.956
0.005	4.944
0.006	4.933
0.006	4.921
0.007	4.909
0.007	4.897
0.008	4.886
0.014	4.880
0.026	4.879
0.038	4.878
0.049	4.877
0.060	4.875
0.072	4.873
0.083	4.870
0.094	4.868
0.106	4.866
0.117	4.863
0.129	4.861
0.140	4.859
0.152	4.856
0.163	4.854
0.175	4.852
0.186	4.850
0.197	4.846
0.207	4.841
0.218	4.836
0.228	4.831
0.239	4.826
0.249	4.822
0.260	4.817
0.271	4.812
0.281	4.807
0.292	4.802
0.302	4.798
0.312	4.792
0.321	4.785
0.330	4.777
0.339	4.770
0.348	4.762
0.357	4.755
0.366	4.748
0.375	4.740
0.384	4.733
0.393	4.726
0.402	4.718
0.409	4.709
0.416	4.699
0.422	4.690
0.429	4.680
0.435	4.671
0.442	4.661
0.448	4.651
0.455	4.642
0.461	4.632
0.468	4.622
0.473	4.612
0.477	4.601
0.481	4.591
0.485	4.580
0.489	4.569
0.492	4.558
0.496	4.547
0.499	4.536
0.503	4.525
0.507	4.514
0.510	4.503
0.514	4.492
0.518	4.480
0.521	4.470
0.525	4.458
0.528	4.447
0.532	4.436
0.535	4.426
0.539	4.414
0.542	4.403
0.546	4.392
0.549	4.381
0.553	4.370
0.556	4.359
0.560	4.348
0.564	4.337
0.567	4.325
0.571	4.315
0.574	4.303
0.578	4.292
0.581	4.281
0.585	4.270
0.588	4.259
0.592	4.248
0.595	4.237
0.599	4.226
0.602	4.215
0.606	4.204
0.609	4.193
0.612	4.182
0.616	4.171
0.619	4.159
0.623	4.148
0.626	4.137
0.630	4.126
0.633	4.115
0.637	4.104
0.640	4.093
0.644	4.082
0.647	4.070
0.651	4.060
0.654	4.048
0.657	4.038
0.661	4.026
0.664	4.015
0.668	4.004
0.671	3.993
0.675	3.982
0.678	3.971
0.681	3.960
0.685	3.949
0.688	3.937
0.692	3.926
0.695	3.915
0.698	3.904
0.702	3.893
0.705	3.882
0.709	3.871
0.712	3.860
0.716	3.849
0.719	3.838
0.722	3.827
0.726	3.815
0.729	3.804
0.733	3.793
0.736	3.782
0.740	3.771
0.743	3.760
0.746	3.749
0.750	3.738
0.753	3.727
0.757	3.716
0.760	3.704
0.764	3.693
0.767	3.682
0.770	3.671
0.774	3.660
0.777	3.649
0.781	3.638
0.784	3.627
0.788	3.615
0.791	3.604
0.795	3.593
0.798	3.582
0.801	3.571
0.805	3.560
0.808	3.549
0.812	3.538
0.815	3.527
0.818	3.516
0.822	3.505
0.825	3.493
0.829	3.482
0.832	3.471
0.835	3.460
0.839	3.449
0.842	3.438
0.846	3.427
0.849	3.416
0.853	3.405
0.856	3.394
0.860	3.382
0.863	3.371
0.866	3.360
0.870	3.349
0.873	3.338
0.877	3.327
0.880	3.316
0.884	3.305
0.887	3.293
0.890	3.282
0.894	3.271
0.897	3.260
0.901	3.249
0.904	3.238
0.908	3.227
0.911	3.216
0.914	3.205
0.918	3.193
0.921	3.183
0.925	3.171
0.928	3.161
0.931	3.149
0.935	3.138
0.938	3.127
0.942	3.116
0.945	3.105
0.949	3.094
0.952	3.083
0.955	3.072
0.959	3.060
0.962	3.049
0.966	3.038
0.969	3.027
0.973	3.016
0.976	3.005
0.980	2.994
0.983	2.983
0.986	2.971
0.990	2.960
0.993	2.949
0.997	2.938
1.000	2.927
1.004	2.916
1.007	2.905
1.010	2.894
1.014	2.883
1.017	2.872
1.020	2.861
1.024	2.850
1.027	2.839
1.031	2.827
1.034	2.816
1.038	2.805
1.041	2.794
1.045	2.783
1.048	2.772
1.051	2.761
1.055	2.750
1.058	2.738
1.062	2.727
1.065	2.716
1.069	2.705
1.072	2.694
1.075	2.683
1.079	2.672
1.082	2.661
1.086	2.649
1.089	2.638
1.093	2.627
1.096	2.616
1.099	2.605
1.103	2.594
1.106	2.583
1.110	2.572
1.113	2.561
1.117	2.550
1.120	2.539
1.123	2.528
1.127	2.517
1.130	2.505
1.134	2.494
1.137	2.483
1.141	2.472
1.144	2.461
1.147	2.450
1.151	2.439
1.154	2.428
1.158	2.416
1.161	2.406
1.165	2.394
1.168	2.383
1.172	2.372
1.175	2.361
1.178	2.350
1.182	2.339
1.185	2.328
1.189	2.317
1.192	2.306
1.195	2.295
1.199	2.283
1.202	2.272
1.206	2.261
1.209	2.250
1.213	2.239
1.216	2.228
1.219	2.217
1.223	2.206
1.226	2.195
1.230	2.184
1.233	2.173
1.237	2.161
1.240	2.150
1.244	2.139
1.247	2.128
1.250	2.117
1.254	2.106
1.257	2.095
1.261	2.084
1.264	2.072
1.268	2.061
1.271	2.050
1.274	2.039
1.278	2.028
1.281	2.017
1.285	2.006
1.288	1.995
1.292	1.984
1.295	1.973
1.298	1.962
1.302	1.951
1.305	1.939
1.309	1.928
1.312	1.917
1.316	1.906
1.319	1.895
1.323	1.884
1.326	1.873
1.329	1.862
1.333	1.851
1.336	1.839
1.340	1.828
1.343	1.817
1.347	1.807
1.350	1.795
1.353	1.784
1.357	1.773
1.360	1.762
1.364	1.751
1.367	1.740
1.371	1.729
1.374	1.718
1.378	1.706
1.381	1.695
1.384	1.684
1.388	1.673
1.391	1.662
1.395	1.651
1.398	1.640
1.402	1.629
1.405	1.617
1.409	1.607
1.412	1.595
1.415	1.584
1.419	1.573
1.422	1.562
1.426	1.551
1.429	1.540
1.433	1.529
1.436	1.518
1.440	1.507
1.443	1.495
1.446	1.485
1.450	1.473
1.453	1.462
1.457	1.451
1.460	1.440
1.464	1.429
1.467	1.418
1.471	1.407
1.474	1.396
1.478	1.384
1.481	1.373
1.490	1.371
1.502	1.371
1.514	1.371
1.525	1.371
1.537	1.371
1.548	1.371
1.560	1.371
1.572	1.371
1.584	1.371
1.595	1.371
1.607	1.371
1.618	1.371
1.629	1.371
1.641	1.371
1.653	1.371
1.664	1.371
1.676	1.371
1.688	1.371
1.699	1.371
1.711	1.371
1.722	1.371
1.734	1.371
1.746	1.371
1.758	1.371
1.769	1.371
1.774	1.379
1.778	1.390
1.781	1.401
1.785	1.412
1.789	1.424
1.792	1.434
1.796	1.446
1.799	1.457
1.803	1.468
1.807	1.479
1.810	1.490
1.814	1.501
1.818	1.512
1.821	1.523
1.825	1.534
1.828	1.545
1.832	1.556
1.836	1.567
1.839	1.578
1.843	1.589
1.846	1.600
1.850	1.611
1.854	1.622
1.857	1.633
1.861	1.644
1.865	1.656
1.868	1.666
1.872	1.678
1.875	1.688
1.879	1.699
1.882	1.710
1.886	1.722
1.890	1.732
1.893	1.744
1.897	1.755
1.901	1.766
1.904	1.777
1.908	1.788
1.911	1.799
1.915	1.810
1.919	1.821
1.922	1.832
1.926	1.843
1.930	1.854
1.933	1.865
1.937	1.876
1.941	1.887
1.944	1.898
1.948	1.909
1.951	1.920
1.955	1.931
1.959	1.942
1.962	1.954
1.966	1.964
1.970	1.976
1.973	1.987
1.977	1.998
1.980	2.008
1.984	2.020
1.988	2.030
1.991	2.042
1.995	2.053
1.998	2.064
2.002	2.075
2.006	2.086
2.009	2.097
2.013	2.108
2.017	2.119
2.020	2.130
2.024	2.141
2.028	2.152
2.031	2.163
2.035	2.174
2.038	2.185
2.042	2.196
2.046	2.207
2.049	2.218
2.053	2.229
2.056	2.240
2.060	2.251
2.064	2.262
2.067	2.274
2.071	2.284
2.075	2.296
2.078	2.307
2.082	2.318
2.086	2.329
2.089	2.340
2.093	2.351
2.097	2.362
2.100	2.373
2.104	2.384
2.107	2.395
2.111	2.406
2.115	2.417
2.118	2.428
2.122	2.439
2.126	2.450
2.129	2.461
2.133	2.472
2.136	2.483
2.140	2.495
2.144	2.505
2.147	2.517
2.151	2.528
2.155	2.539
2.158	2.550
2.162	2.560
2.166	2.572
2.169	2.583
2.173	2.594
2.176	2.605
2.180	2.616
2.184	2.627
2.187	2.638
2.191	2.649
2.195	2.660
2.198	2.671
2.202	2.682
2.205	2.693
2.209	2.704
2.213	2.715
2.216	2.726
2.220	2.737
2.224	2.748
2.227	2.759
2.231	2.770
2.234	2.781
2.238	2.792
2.242	2.803
2.245	2.814
2.249	2.825
2.253	2.837
2.256	2.847
2.260	2.859
2.263	2.870
2.267	2.880
2.271	2.892
2.274	2.902
2.278	2.914
2.282	2.925
2.285	2.936
2.289	2.947
2.293	2.958
2.296	2.969
2.300	2.980
2.303	2.991
2.307	3.002
2.311	3.013
2.314	3.024
2.318	3.035
2.322	3.046
2.325	3.057
2.329	3.068
2.332	3.079
2.336	3.090
2.340	3.101
2.343	3.113
2.347	3.123
2.351	3.135
2.354	3.146
2.358	3.157
2.362	3.168
2.365	3.179
2.369	3.190
2.373	3.201
2.376	3.212
2.380	3.223
2.383	3.234
2.387	3.245
2.391	3.256
2.394	3.267
2.398	3.278
2.402	3.289
2.405	3.300
2.409	3.311
2.412	3.322
2.416	3.333
2.420	3.344
2.423	3.355
2.427	3.366
2.431	3.377
2.434	3.388
2.438	3.399
2.441	3.410
2.445	3.421
2.449	3.432
2.452	3.443
2.456	3.455
2.460	3.465
2.463	3.477
2.467	3.488
2.471	3.499
2.474	3.510
2.478	3.521
2.482	3.532
2.485	3.543
2.489	3.554
2.492	3.565
2.496	3.576
2.500	3.587
2.503	3.598
2.507	3.609
2.511	3.620
2.514	3.631
2.518	3.642
2.522	3.653
2.525	3.664
2.529	3.675
2.533	3.686
2.536	3.697
2.540	3.709
2.543	3.719
2.547	3.731
2.551	3.742
2.554	3.753
2.558	3.763
2.562	3.775
2.565	3.785
2.569	3.797
2.573	3.808
2.576	3.819
2.580	3.830
2.584	3.841
2.587	3.852
2.591	3.863
2.595	3.873
2.599	3.884
2.603	3.895
2.610	3.904
2.619	3.902
2.624	3.892
2.628	3.881
2.632	3.870
2.636	3.859
2.640	3.848
2.644	3.837
2.648	3.826
2.652	3.815
2.656	3.804
2.660	3.793
2.664	3.782
2.668	3.771
2.672	3.761
2.676	3.749
2.680	3.739
2.684	3.728
2.688	3.717
2.692	3.706
2.696	3.695
2.700	3.684
2.704	3.673
2.708	3.662
2.711	3.652
2.716	3.640
2.719	3.630
2.723	3.619
2.727	3.608
2.731	3.597
2.735	3.586
2.739	3.575
2.743	3.564
2.747	3.553
2.751	3.542
2.755	3.531
2.759	3.520
2.763	3.510
2.767	3.499
2.771	3.488
2.775	3.477
2.779	3.466
2.783	3.455
2.787	3.444
2.791	3.433
2.795	3.423
2.799	3.411
2.803	3.401
2.807	3.390
2.811	3.379
2.815	3.368
2.819	3.357
2.823	3.346
2.827	3.335
2.831	3.324
2.835	3.313
2.839	3.302
2.843	3.291
2.847	3.281
2.851	3.269
2.855	3.259
2.859	3.248
2.863	3.237
2.867	3.226
2.871	3.215
2.875	3.204
2.878	3.193
2.882	3.182
2.886	3.172
2.890	3.160
2.894	3.150
2.898	3.139
2.902	3.128
2.906	3.117
2.910	3.106
2.914	3.095
2.918	3.084
2.922	3.073
2.926	3.062
2.930	3.051
2.934	3.040
2.938	3.029
2.942	3.019
2.946	3.007
2.950	2.997
2.954	2.986
2.958	2.975
2.962	2.964
2.966	2.953
2.970	2.942
2.974	2.931
2.978	2.920
2.982	2.909
2.986	2.898
2.990	2.887
2.994	2.877
2.998	2.866
3.002	2.855
3.006	2.844
3.010	2.833
3.014	2.822
3.018	2.811
3.022	2.800
3.026	2.789
3.030	2.778
3.034	2.767
3.038	2.756
3.042	2.745
3.046	2.734
3.049	2.724
3.054	2.712
3.057	2.702
3.061	2.691
3.065	2.680
3.069	2.669
3.073	2.658
3.077	2.647
3.081	2.636
3.085	2.625
3.089	2.614
3.093	2.604
3.097	2.592
3.101	2.582
3.105	2.571
3.109	2.560
3.113	2.549
3.117	2.538
3.121	2.527
3.125	2.516
3.129	2.505
3.133	2.494
3.137	2.483
3.141	2.472
3.145	2.462
3.149	2.451
3.153	2.440
3.157	2.429
3.161	2.418
3.165	2.407
3.169	2.396
3.173	2.385
3.177	2.374
3.181	2.363
3.185	2.352
3.189	2.342
3.193	2.330
3.197	2.320
3.201	2.309
3.205	2.298
3.209	2.287
3.213	2.276
3.217	2.265
3.221	2.254
3.225	2.243
3.229	2.232
3.233	2.222
3.237	2.210
3.241	2.200
3.245	2.189
3.249	2.178
3.253	2.167
3.257	2.156
3.261	2.145
3.265	2.134
3.269	2.123
3.273	2.112
3.277	2.101
3.280	2.090
3.285	2.079
3.288	2.068
3.293	2.057
3.296	2.047
3.301	2.036
3.304	2.025
3.309	2.014
3.312	2.003
3.316	1.992
3.320	1.981
3.324	1.970
3.328	1.959
3.332	1.948
3.336	1.937
3.340	1.927
3.344	1.915
3.348	1.905
3.352	1.894
3.356	1.883
3.360	1.872
3.364	1.861
3.368	1.850
3.372	1.840
3.376	1.828
3.380	1.818
3.384	1.807
3.388	1.796
3.392	1.785
3.396	1.774
3.400	1.763
3.404	1.752
3.408	1.741
3.412	1.730
3.416	1.719
3.420	1.708
3.424	1.697
3.428	1.687
3.432	1.675
3.436	1.665
3.440	1.654
3.444	1.643
3.448	1.632
3.452	1.621
3.456	1.610
3.460	1.599
3.464	1.588
3.468	1.577
3.472	1.566
3.476	1.555
3.480	1.545
3.484	1.534
3.488	1.523
3.492	1.512
3.496	1.501
3.500	1.490
3.504	1.479
3.508	1.468
3.512	1.457
3.516	1.446
3.520	1.435
3.524	1.424
3.528	1.413
3.532	1.402
3.537	1.392
3.543	1.383
3.553	1.378
3.564	1.377
3.576	1.376
3.587	1.376
3.599	1.376
3.610	1.375
3.622	1.376
3.634	1.376
3.645	1.376
3.657	1.376
3.669	1.376
3.680	1.376
3.692	1.376
3.703	1.377
3.715	1.377
3.726	1.377
3.738	1.377
3.749	1.378
3.761	1.378
3.773	1.378
3.785	1.379
3.796	1.379
3.808	1.379
3.819	1.380
3.830	1.381
3.834	1.392
3.837	1.403
3.841	1.414
3.844	1.425
3.847	1.436
3.851	1.448
3.854	1.459
3.858	1.470
3.861	1.481
3.864	1.492
3.867	1.503
3.871	1.514
3.874	1.525
3.877	1.536
3.881	1.548
3.884	1.559
3.888	1.570
3.891	1.581
3.894	1.592
3.897	1.603
3.901	1.615
3.904	1.625
3.907	1.636
3.911	1.647
3.914	1.659
3.917	1.670
3.921	1.681
3.924	1.692
3.927	1.703
3.931	1.714
3.934	1.726
3.937	1.737
3.941	1.748
3.944	1.759
3.947	1.770
3.950	1.781
3.954	1.792
3.957	1.803
3.960	1.814
3.964	1.826
3.967	1.837
3.970	1.848
3.974	1.859
3.977	1.870
3.980	1.881
3.984	1.892
3.987	1.903
3.990	1.915
3.994	1.926
3.997	1.937
4.000	1.948
4.004	1.959
4.007	1.970
4.010	1.982
4.014	1.992
4.017	2.004
4.020	2.015
4.024	2.026
4.027	2.037
4.030	2.048
4.034	2.059
4.037	2.071
4.040	2.082
4.044	2.093
4.047	2.104
4.050	2.115
4.054	2.126
4.057	2.138
4.060	2.148
4.064	2.159
4.067	2.171
4.070	2.182
4.074	2.193
4.077	2.204
4.080	2.215
4.084	2.226
4.087	2.238
4.090	2.249
4.094	2.260
4.097	2.271
4.100	2.282
4.104	2.293
4.107	2.304
4.110	2.315
4.114	2.327
4.117	2.338
4.120	2.349
4.124	2.360
4.127	2.371
4.130	2.382
4.134	2.394
4.137	2.405
4.140	2.416
4.144	2.426
4.147	2.438
4.150	2.449
4.154	2.460
4.157	2.471
4.161	2.482
4.164	2.493
4.167	2.504
4.171	2.515
4.174	2.526
4.178	2.538
4.181	2.549
4.185	2.560
4.188	2.571
4.191	2.582
4.195	2.593
4.198	2.604
4.202	2.615
4.205	2.627
4.208	2.638
4.212	2.649
4.215	2.660
4.219	2.671
4.222	2.682
4.226	2.693
4.229	2.704
4.232	2.716
4.236	2.727
4.239	2.738
4.243	2.749
4.246	2.760
4.249	2.771
4.253	2.782
4.256	2.793
4.260	2.805
4.263	2.816
4.266	2.827
4.270	2.838
4.273	2.849
4.277	2.860
4.280	2.871
4.284	2.882
4.287	2.893
4.290	2.905
4.294	2.916
4.297	2.927
4.301	2.938
4.304	2.949
4.307	2.960
4.311	2.971
4.314	2.982
4.318	2.994
4.321	3.005
4.325	3.015
4.328	3.026
4.332	3.038
4.335	3.049
4.339	3.060
4.342	3.071
4.346	3.082
4.349	3.093
4.353	3.104
4.356	3.115
4.360	3.126
4.363	3.137
4.367	3.148
4.370	3.159
4.374	3.170
4.377	3.182
4.381	3.192
4.384	3.204
4.388	3.215
4.391	3.226
4.395	3.237
4.398	3.248
4.402	3.259
4.405	3.270
4.409	3.281
4.412	3.292
4.416	3.303
4.419	3.315
4.423	3.326
4.426	3.337
4.430	3.348
4.433	3.359
4.437	3.370
4.440	3.381
4.444	3.392
4.447	3.403
4.451	3.414
4.454	3.426
4.458	3.436
4.461	3.448
4.465	3.459
4.468	3.470
4.472	3.481
4.475	3.492
4.479	3.503
4.482	3.514
4.486	3.525
4.489	3.536
4.493	3.547
4.497	3.558
4.500	3.569
4.504	3.580
4.507	3.591
4.511	3.602
4.515	3.613
4.518	3.624
4.522	3.635
4.526	3.646
4.529	3.657
4.533	3.668
4.536	3.680
4.540	3.690
4.544	3.702
4.547	3.713
4.551	3.724
4.555	3.735
4.558	3.746
4.562	3.757
4.565	3.768
4.569	3.779
4.573	3.790
4.576	3.801
4.580	3.812
4.583	3.823
4.587	3.834
4.591	3.845
4.594	3.856
4.598	3.867
4.602	3.878
4.605	3.889
4.609	3.900
4.612	3.912
4.616	3.922
4.620	3.934
4.623	3.945
4.627	3.956
4.631	3.967
4.634	3.978
4.638	3.989
4.641	4.000
4.645	4.011
4.649	4.022
4.652	4.033
4.656	4.044
4.660	4.055
4.663	4.066
4.667	4.077
4.671	4.088
4.674	4.099
4.678	4.110
4.682	4.121
4.685	4.132
4.689	4.143
4.693	4.154
4.697	4.165
4.700	4.176
4.704	4.187
4.708	4.198
4.712	4.209
4.715	4.220
4.719	4.231
4.723	4.242
4.726	4.253
4.730	4.264
4.734	4.275
4.737	4.286
4.741	4.297
4.745	4.308
4.749	4.319
4.753	4.330
4.757	4.341
4.760	4.352
4.764	4.363
4.768	4.374
4.772	4.385
4.776	4.396
4.780	4.407
4.784	4.418
4.788	4.429
4.791	4.440
4.796	4.450
4.800	4.461
4.804	4.472
4.808	4.483
4.812	4.493
4.817	4.504
4.821	4.515
4.825	4.526
4.830	4.537
4.834	4.547
4.839	4.558
4.844	4.568
4.849	4.579
4.854	4.590
4.859	4.600
4.864	4.611
4.868	4.621
4.875	4.631
4.881	4.640
4.888	4.650
4.894	4.660
4.900	4.669
4.907	4.679
4.913	4.689
4.920	4.698
4.926	4.708
4.932	4.718
4.940	4.726
4.948	4.734
4.957	4.742
4.966	4.750
4.974	4.758
4.983	4.766
4.991	4.773
5.000	4.781
5.009	4.789
5.017	4.797
5.027	4.803
5.037	4.808
5.047	4.814
5.058	4.819
5.068	4.824
5.079	4.830
5.089	4.835
5.099	4.840
5.110	4.845
5.120	4.851
5.131	4.854
5.142	4.856
5.153	4.859
5.165	4.862
5.176	4.864
5.188	4.867
5.199	4.869
5.210	4.872
5.221	4.875
5.233	4.877
5.244	4.879
5.256	4.880
5.267	4.880
5.279	4.880
5.290	4.880
5.302	4.880
5.314	4.880
5.325	4.880
5.337	4.880
5.348	4.880
5.360	4.879
5.371	4.876
5.383	4.874
5.394	4.872
5.405	4.869
5.417	4.867
5.428	4.864
5.440	4.862
5.451	4.860
5.462	4.857
5.473	4.852
5.483	4.848
5.494	4.843
5.505	4.838
5.516	4.834
5.526	4.829
5.537	4.824
5.547	4.820
5.558	4.815
5.567	4.808
5.577	4.801
5.586	4.795
5.595	4.787
5.605	4.781
5.614	4.774
5.623	4.767
5.632	4.760
5.642	4.753
5.650	4.745
5.658	4.736
5.665	4.728
5.673	4.719
5.680	4.711
5.687	4.701
5.694	4.691
5.700	4.682
5.707	4.672
5.712	4.662
5.717	4.651
5.722	4.641
5.727	4.630
5.731	4.620
5.735	4.609
5.738	4.597
5.741	4.586
5.743	4.575
5.744	4.563
5.745	4.552
5.746	4.540
5.747	4.528
5.748	4.517
5.749	4.506
5.749	4.494
5.749	4.482
5.749	4.471
5.749	4.459
5.749	4.448
5.749	4.436
5.749	4.424
5.749	4.413
5.749	4.401
5.749	4.390
5.749	4.378
5.749	4.366
5.749	4.355
5.749	4.343
5.749	4.331
5.749	4.320
5.749	4.308
5.749	4.297
5.749	4.285
5.749	4.273
5.749	4.261
5.749	4.250
5.749	4.238
5.749	4.227
5.749	4.215
5.749	4.203
5.749	4.192
5.749	4.180
5.750	4.168
5.750	4.157
5.750	4.145
5.750	4.134
5.750	4.122
5.750	4.110
5.750	4.099
5.750	4.087
5.750	4.076
5.750	4.064
5.750	4.052
5.750	4.041
5.750	4.029
5.750	4.017
5.750	4.006
5.750	3.994
5.750	3.983
5.750	3.971
5.750	3.959
5.750	3.948
5.750	3.936
5.750	3.924
5.750	3.913
5.750	3.901
5.750	3.890
5.750	3.878
5.750	3.866
5.750	3.854
5.750	3.843
5.750	3.831
5.750	3.820
5.750	3.808
5.750	3.796
5.750	3.785
5.750	3.773
5.750	3.762
5.750	3.750
5.750	3.739
5.750	3.727
5.750	3.715
5.750	3.703
5.750	3.692
5.750	3.680
5.750	3.669
5.750	3.657
5.750	3.645
5.750	3.634
5.750	3.622
5.750	3.610
5.750	3.599
5.750	3.587
5.750	3.576
5.750	3.564
5.750	3.552
5.750	3.541
5.750	3.529
5.750	3.517
5.750	3.506
5.750	3.494
5.750	3.483
5.750	3.471
5.750	3.459
5.750	3.447
5.750	3.436
5.750	3.425
5.750	3.413
5.750	3.401
5.750	3.390
5.750	3.378
5.750	3.366
5.750	3.355
5.750	3.343
5.750	3.332
5.750	3.320
5.750	3.308
5.750	3.296
5.750	3.285
5.750	3.273
5.750	3.262
5.750	3.250
5.750	3.239
5.750	3.227
5.750	3.216
5.750	3.204
5.750	3.192
5.750	3.181
5.750	3.169
5.750	3.157
5.750	3.146
5.750	3.134
5.750	3.123
5.750	3.111
5.750	3.099
5.750	3.087
5.750	3.076
5.750	3.065
5.750	3.053
5.750	3.041
5.750	3.029
5.750	3.018
5.750	3.006
5.750	2.995
5.750	2.983
5.750	2.972
5.750	2.960
5.750	2.948
5.750	2.936
5.750	2.925
5.750	2.913
5.750	2.902
5.750	2.890
5.750	2.878
5.750	2.867
5.750	2.855
5.750	2.843
5.750	2.832
5.750	2.820
5.750	2.809
5.750	2.797
5.750	2.785
5.750	2.774
5.750	2.762
5.750	2.750
5.750	2.739
5.750	2.727
5.750	2.716
5.750	2.704
5.750	2.692
5.750	2.681
5.750	2.669
5.750	2.658
5.750	2.646
5.750	2.634
5.750	2.623
5.750	2.611
5.750	2.599
5.750	2.588
5.750	2.576
5.750	2.565
5.750	2.553
5.750	2.541
5.750	2.530
5.750	2.518
5.750	2.506
5.750	2.495
5.750	2.483
5.750	2.472
5.750	2.460
5.750	2.448
5.750	2.436
5.750	2.425
5.750	2.413
5.750	2.402
5.750	2.390
5.750	2.379
5.750	2.367
5.750	2.355
5.750	2.344
5.750	2.332
5.750	2.321
5.750	2.309
5.750	2.297
5.750	2.285
5.750	2.274
5.750	2.262
5.750	2.251
5.750	2.239
5.750	2.227
5.750	2.216
5.750	2.204
5.750	2.192
5.750	2.181
5.750	2.169
5.750	2.158
5.750	2.146
5.750	2.134
5.750	2.123
5.750	2.111
5.750	2.099
5.750	2.088
5.750	2.076
5.750	2.065
5.750	2.053
5.750	2.041
5.750	2.030
5.750	2.019
5.749	2.007
5.748	1.995
5.747	1.984
5.746	1.972
5.745	1.961
5.745	1.949
5.744	1.937
5.742	1.926
5.740	1.915
5.737	1.903
5.735	1.892
5.732	1.881
5.729	1.870
5.726	1.858
5.722	1.847
5.718	1.837
5.714	1.826
5.709	1.815
5.704	1.805
5.697	1.795
5.691	1.786
5.684	1.777
5.675	1.770
5.666	1.762
5.657	1.754
5.648	1.747
5.639	1.739
5.629	1.734
5.619	1.730
5.608	1.725
5.597	1.721
5.587	1.716
5.576	1.711
5.565	1.709
5.554	1.706
5.542	1.704
5.531	1.701
5.520	1.699
5.508	1.697
5.497	1.694
5.485	1.692
5.474	1.690
5.463	1.688
5.451	1.687
5.439	1.685
5.428	1.684
5.416	1.683
5.405	1.681
5.393	1.680
5.382	1.678
5.370	1.677
5.359	1.675
5.347	1.674
5.336	1.672
5.324	1.671
5.313	1.670
5.301	1.668
5.290	1.667
5.278	1.666
5.276	1.656
5.276	1.645
5.276	1.633
5.276	1.621
5.276	1.609
5.276	1.598
5.276	1.586
5.276	1.575
5.276	1.563
5.276	1.552
5.276	1.540
5.276	1.529
5.276	1.517
5.276	1.505
5.276	1.493
5.276	1.482
5.276	1.470
5.276	1.459
5.276	1.447
5.284	1.443
5.295	1.443
5.307	1.443
5.319	1.443
5.330	1.443
5.342	1.443
5.353	1.443
5.365	1.443
5.377	1.443
5.388	1.443
5.400	1.443
5.411	1.443
5.423	1.443
5.435	1.443
5.446	1.443
5.458	1.443
5.470	1.443
5.481	1.443
5.493	1.443
5.504	1.443
5.516	1.443
5.528	1.443
5.539	1.443
5.551	1.443
5.563	1.444
5.574	1.444
5.586	1.444
5.597	1.444
5.609	1.444
5.621	1.444
5.633	1.444
5.644	1.444
5.656	1.444
5.667	1.444
5.679	1.444
5.691	1.444
5.702	1.444
5.714	1.444
5.726	1.444
5.737	1.444
5.748	1.444
5.760	1.444
5.772	1.444
5.784	1.444
5.795	1.444
5.807	1.444
5.818	1.444
5.830	1.444
5.842	1.444
5.853	1.444
5.865	1.444
5.877	1.444
5.888	1.444
5.900	1.444
5.911	1.444
5.923	1.444
5.935	1.444
5.946	1.444
5.958	1.444
5.970	1.444
5.981	1.444
5.993	1.444
6.004	1.444
6.016	1.444
6.028	1.444
6.040	1.444
6.051	1.444
6.063	1.444
6.074	1.445
6.086	1.445
6.097	1.445
6.109	1.445
6.121	1.445
6.132	1.445
6.144	1.445
6.155	1.445
6.167	1.445
6.178	1.445
6.190	1.445
6.202	1.445
6.213	1.445
6.225	1.445
6.237	1.445
6.248	1.445
6.260	1.445
6.271	1.445
6.283	1.445
6.295	1.445
6.306	1.445
6.318	1.445
6.330	1.445
6.341	1.445
6.353	1.445
6.364	1.445
6.376	1.445
6.388	1.445
6.400	1.445
6.411	1.445
6.423	1.445
6.434	1.445
6.446	1.445
6.458	1.445
6.469	1.445
6.481	1.445
6.492	1.445
6.504	1.445
6.515	1.445
6.527	1.445
6.539	1.445
6.551	1.445
6.562	1.445
6.574	1.445
6.585	1.446
6.597	1.446
6.609	1.446
6.620	1.446
6.632	1.446
6.644	1.446
6.655	1.446
6.667	1.446
6.678	1.446
6.690	1.446
6.702	1.446
6.713	1.446
6.725	1.446
6.737	1.446
6.748	1.446
6.760	1.446
6.771	1.446
6.783	1.446
6.795	1.446
6.806	1.446
6.818	1.446
6.829	1.446
6.841	1.446
6.853	1.446
6.864	1.446
6.876	1.446
6.888	1.446
6.899	1.446
6.911	1.446
6.922	1.446
6.934	1.446
6.946	1.446
6.958	1.446
6.969	1.446
6.981	1.446
6.982	1.457
6.982	1.468
6.982	1.480
6.982	1.492
6.983	1.503
6.983	1.515
6.983	1.527
6.983	1.538
6.983	1.550
6.983	1.561
6.984	1.573
6.984	1.585
6.984	1.596
6.984	1.608
6.984	1.619
6.985	1.631
6.985	1.643
6.985	1.654
6.985	1.666
6.979	1.671
6.967	1.672
6.956	1.674
6.944	1.675
6.933	1.676
6.921	1.677
6.909	1.678
6.898	1.679
6.886	1.680
6.874	1.681
6.863	1.682
6.852	1.684
6.840	1.685
6.828	1.686
6.817	1.687
6.805	1.689
6.794	1.690
6.782	1.691
6.771	1.692
6.759	1.694
6.748	1.696
6.736	1.698
6.725	1.699
6.714	1.701
6.702	1.703
6.691	1.705
6.679	1.707
6.668	1.710
6.657	1.713
6.645	1.716
6.634	1.719
6.623	1.722
6.612	1.726
6.602	1.730
6.591	1.734
6.580	1.739
6.570	1.744
6.560	1.750
6.550	1.756
6.541	1.763
6.532	1.771
6.524	1.778
6.516	1.788
6.509	1.797
6.503	1.806
6.498	1.816
6.492	1.827
6.487	1.837
6.483	1.848
6.480	1.859
6.476	1.870
6.472	1.881
6.468	1.892
6.466	1.903
6.464	1.914
6.462	1.926
6.461	1.937
6.459	1.949
6.457	1.960
6.456	1.972
6.455	1.983
6.455	1.995
6.454	2.006
6.454	2.018
6.453	2.030
6.453	2.042
6.453	2.053
6.452	2.065
6.452	2.076
6.451	2.088
6.451	2.100
6.451	2.111
6.451	2.122
6.450	2.134
6.450	2.146
6.450	2.158
6.450	2.169
6.450	2.181
6.450	2.192
6.450	2.204
6.450	2.216
6.450	2.227
6.450	2.239
6.449	2.250
6.449	2.262
6.449	2.274
6.449	2.285
6.449	2.297
6.449	2.309
6.449	2.320
6.449	2.332
6.449	2.343
6.449	2.355
6.449	2.367
6.448	2.378
6.448	2.390
6.448	2.402
6.448	2.413
6.448	2.425
6.448	2.436
6.448	2.448
6.448	2.459
6.448	2.471
6.448	2.483
6.448	2.494
6.448	2.506
6.447	2.518
6.447	2.529
6.447	2.541
6.447	2.552
6.447	2.564
6.447	2.576
6.447	2.588
6.447	2.599
6.447	2.610
6.447	2.622
6.447	2.634
6.447	2.646
6.447	2.657
6.447	2.669
6.447	2.680
6.446	2.692
6.446	2.704
6.446	2.715
6.446	2.727
6.446	2.739
6.446	2.750
6.446	2.762
6.446	2.773
6.446	2.785
6.446	2.797
6.446	2.809
6.446	2.820
6.446	2.832
6.446	2.843
6.445	2.855
6.445	2.867
6.445	2.878
6.445	2.890
6.445	2.902
6.448	2.909
6.460	2.906
6.470	2.904
6.481	2.902
6.493	2.901
6.504	2.899
6.516	2.897
6.527	2.896
6.538	2.894
6.550	2.892
6.561	2.891
6.573	2.890
6.584	2.889
6.596	2.888
6.608	2.888
6.619	2.887
6.631	2.886
6.642	2.885
6.654	2.884
6.666	2.883
6.677	2.883
6.688	2.883
6.700	2.883
6.712	2.883
6.724	2.883
6.735	2.883
6.747	2.883
6.758	2.883
6.770	2.883
6.782	2.883
6.793	2.883
6.805	2.883
6.817	2.883
6.828	2.883
6.840	2.883
6.851	2.883
6.863	2.883
6.874	2.884
6.886	2.884
6.898	2.884
6.909	2.885
6.921	2.885
6.932	2.886
6.944	2.886
6.956	2.886
6.967	2.887
6.979	2.887
6.991	2.887
7.002	2.888
7.014	2.888
7.025	2.889
7.037	2.891
7.048	2.892
7.060	2.893
7.071	2.894
7.083	2.896
7.094	2.897
7.106	2.898
7.118	2.900
7.129	2.901
7.140	2.904
7.151	2.907
7.162	2.910
7.173	2.913
7.185	2.916
7.196	2.919
7.207	2.923
7.218	2.926
7.230	2.929
7.241	2.932
7.252	2.935
7.263	2.938
7.275	2.941
7.286	2.944
7.297	2.947
7.308	2.950
7.320	2.953
7.331	2.956
7.342	2.959
7.353	2.962
7.365	2.965
7.376	2.968
7.387	2.972
7.398	2.975
7.409	2.978
7.421	2.981
7.432	2.984
7.443	2.987
7.454	2.991
7.464	2.996
7.474	3.002
7.484	3.007
7.495	3.012
7.505	3.017
7.515	3.023
7.526	3.028
7.536	3.033
7.546	3.039
7.557	3.044
7.567	3.049
7.577	3.055
7.588	3.060
7.598	3.065
7.608	3.071
7.619	3.076
7.629	3.081
7.639	3.087
7.650	3.092
7.660	3.097
7.671	3.103
7.681	3.108
7.691	3.113
7.701	3.119
7.712	3.124
7.722	3.129
7.731	3.137
7.739	3.144
7.748	3.152
7.757	3.160
7.766	3.168
7.774	3.175
7.783	3.183
7.792	3.191
7.800	3.198
7.809	3.206
7.818	3.214
7.827	3.221
7.835	3.229
7.844	3.237
7.853	3.244
7.861	3.252
7.870	3.260
7.879	3.267
7.888	3.275
7.896	3.283
7.905	3.290
7.914	3.298
7.922	3.306
7.931	3.314
7.939	3.321
7.946	3.331
7.952	3.341
7.959	3.351
7.965	3.360
7.971	3.370
7.978	3.380
7.984	3.389
7.990	3.399
7.997	3.409
8.003	3.418
8.010	3.428
8.016	3.438
8.022	3.447
8.029	3.457
8.035	3.467
8.042	3.477
8.048	3.486
8.054	3.496
8.061	3.506
8.067	3.516
8.074	3.525
8.080	3.535
8.086	3.545
8.092	3.555
8.096	3.565
8.100	3.576
8.104	3.587
8.108	3.598
8.112	3.609
8.116	3.620
8.120	3.631
8.124	3.642
8.128	3.653
8.132	3.664
8.136	3.675
8.140	3.686
8.144	3.696
8.148	3.708
8.152	3.718
8.157	3.729
8.159	3.740
8.161	3.752
8.163	3.763
8.165	3.774
8.167	3.786
8.169	3.797
8.171	3.809
8.173	3.820
8.176	3.832
8.178	3.843
8.180	3.855
8.182	3.866
8.184	3.878
8.186	3.889
8.188	3.900
8.190	3.912
8.193	3.923
8.193	3.934
8.194	3.946
8.194	3.958
8.194	3.970
8.195	3.981
8.195	3.993
8.195	4.004
8.196	4.016
8.196	4.028
8.196	4.039
8.197	4.051
8.197	4.063
8.197	4.074
8.198	4.086
8.198	4.097
8.198	4.109
8.199	4.121
8.198	4.132
8.196	4.143
8.195	4.155
8.193	4.167
8.192	4.178
8.190	4.190
8.189	4.201
8.187	4.213
8.186	4.224
8.184	4.236
8.183	4.247
8.181	4.259
8.180	4.270
8.178	4.282
8.177	4.293
8.175	4.305
8.174	4.316
8.171	4.328
8.168	4.339
8.165	4.350
8.162	4.361
8.159	4.372
8.156	4.384
8.153	4.395
8.150	4.406
8.147	4.417
8.143	4.428
8.139	4.439
8.134	4.449
8.130	4.460
8.126	4.471
8.122	4.482
8.118	4.493
8.114	4.504
8.109	4.514
8.104	4.524
8.099	4.535
8.093	4.545
8.088	4.556
8.083	4.566
8.078	4.577
8.073	4.587
8.067	4.597
8.061	4.607
8.055	4.617
8.049	4.626
8.042	4.636
8.036	4.646
8.030	4.656
8.024	4.666
8.017	4.676
8.011	4.685
8.003	4.694
7.996	4.703
7.988	4.712
7.981	4.721
7.974	4.730
7.967	4.739
7.959	4.747
7.950	4.755
7.942	4.764
7.934	4.772
7.926	4.780
7.918	4.789
7.910	4.797
7.902	4.805
7.894	4.813
7.885	4.821
7.876	4.829
7.868	4.837
7.859	4.845
7.850	4.853
7.842	4.860
7.834	4.868
7.824	4.875
7.815	4.882
7.806	4.889
7.796	4.896
7.787	4.903
7.778	4.910
7.768	4.916
7.758	4.922
7.748	4.927
7.737	4.933
7.727	4.938
7.717	4.944
7.707	4.949
7.696	4.955
7.686	4.960
7.676	4.966
7.666	4.971
7.655	4.977
7.645	4.982
7.635	4.988
7.625	4.992
7.614	4.996
7.603	5.000
7.592	5.004
7.581	5.008
7.570	5.012
7.559	5.016
7.548	5.019
7.537	5.023
7.526	5.027
7.515	5.031
7.504	5.035
7.493	5.039
7.482	5.043
7.471	5.047
7.460	5.050
7.449	5.053
7.438	5.055
7.426	5.058
7.415	5.060
7.403	5.062
7.392	5.065
7.381	5.067
7.369	5.070
7.358	5.072
7.347	5.074
7.335	5.077
7.324	5.079
7.313	5.082
7.301	5.084
7.290	5.086
7.278	5.089
7.267	5.091
7.256	5.093
7.244	5.094
7.233	5.095
7.221	5.096
7.209	5.098
7.198	5.099
7.186	5.100
7.175	5.101
7.163	5.103
7.152	5.104
7.140	5.105
7.129	5.106
7.117	5.107
7.105	5.109
7.094	5.110
7.082	5.111
7.070	5.112
7.059	5.114
7.047	5.115
7.036	5.116
7.024	5.116
7.013	5.117
7.002	5.117
6.990	5.118
6.978	5.118
6.967	5.119
6.955	5.119
6.944	5.119
6.932	5.119
6.920	5.119
6.909	5.119
6.897	5.119
6.885	5.120
6.874	5.120
6.862	5.120
6.850	5.120
6.839	5.120
6.827	5.120
6.816	5.120
6.804	5.120
6.793	5.120
6.781	5.121
6.769	5.121
6.758	5.121
6.746	5.121
6.734	5.121
6.723	5.121
6.711	5.121
6.700	5.121
6.688	5.121
6.676	5.121
6.665	5.121
6.653	5.121
6.642	5.121
6.630	5.121
6.619	5.121
6.607	5.121
6.596	5.121
6.584	5.121
6.572	5.121
6.560	5.121
6.549	5.121
6.537	5.121
6.526	5.121
6.514	5.121
6.502	5.121
6.491	5.121
6.479	5.121
6.467	5.121
6.456	5.121
6.445	5.121
6.433	5.121
6.421	5.121
6.410	5.121
6.398	5.121
6.387	5.121
6.375	5.121
6.363	5.121
6.351	5.121
6.340	5.121
6.328	5.121
6.317	5.121
6.305	5.121
6.293	5.121
6.282	5.121
6.270	5.121
6.259	5.121
6.247	5.121
6.236	5.120
6.224	5.120
6.212	5.120
6.200	5.120
6.189	5.120
6.178	5.120
6.166	5.120
6.154	5.120
6.143	5.120
6.131	5.120
6.120	5.120
6.108	5.120
6.096	5.120
6.085	5.120
6.073	5.120
6.061	5.120
6.050	5.120
6.038	5.120
6.027	5.120
6.015	5.120
6.003	5.120
5.991	5.120
5.980	5.120
5.969	5.120
5.957	5.120
5.945	5.120
5.933	5.120
5.922	5.120
5.910	5.120
5.899	5.120
5.887	5.120
5.876	5.120
5.864	5.120
5.852	5.120
5.840	5.120
5.829	5.119
5.818	5.119
5.806	5.119
5.794	5.119
5.783	5.119
5.771	5.119
5.760	5.119
5.748	5.119
5.736	5.119
5.724	5.119
5.713	5.119
5.701	5.119
5.690	5.119
5.678	5.119
5.666	5.119
5.655	5.119
5.643	5.119
5.631	5.119
5.620	5.119
5.608	5.119
5.597	5.119
5.585	5.119
5.573	5.119
5.562	5.119
5.550	5.119
5.539	5.119
5.527	5.119
5.515	5.119
5.503	5.119
5.492	5.119
5.480	5.119
5.469	5.119
5.457	5.119
5.445	5.119
5.434	5.119
5.422	5.119
5.410	5.119
6.794	4.867
6.782	4.868
6.771	4.868
6.759	4.868
6.748	4.869
6.736	4.869
6.724	4.869
6.712	4.870
6.701	4.869
6.689	4.869
6.678	4.868
6.667	4.867
6.655	4.866
6.643	4.865
6.631	4.865
6.620	4.864
6.609	4.861
6.598	4.859
6.586	4.857
6.575	4.854
6.563	4.852
6.552	4.850
6.541	4.845
6.531	4.840
6.520	4.836
6.511	4.829
6.501	4.822
6.492	4.815
6.484	4.807
6.477	4.798
6.469	4.789
6.463	4.780
6.458	4.769
6.453	4.759
6.451	4.748
6.449	4.737
6.447	4.725
6.445	4.714
6.444	4.702
6.444	4.691
6.444	4.679
6.443	4.668
6.443	4.656
6.443	4.644
6.443	4.633
6.443	4.621
6.443	4.610
6.442	4.598
6.442	4.586
6.442	4.574
6.442	4.563
6.442	4.551
6.442	4.540
6.442	4.528
6.441	4.516
6.441	4.505
6.441	4.493
6.441	4.482
6.441	4.470
6.441	4.458
6.441	4.447
6.441	4.435
6.441	4.424
6.441	4.412
6.441	4.400
6.441	4.389
6.441	4.377
6.441	4.365
6.441	4.354
6.441	4.342
6.441	4.331
6.441	4.319
6.440	4.307
6.440	4.296
6.440	4.284
6.440	4.273
6.440	4.261
6.440	4.249
6.440	4.238
6.440	4.226
6.440	4.214
6.440	4.203
6.440	4.191
6.440	4.180
6.440	4.168
6.440	4.157
6.440	4.145
6.441	4.134
6.441	4.122
6.441	4.110
6.441	4.098
6.441	4.087
6.441	4.075
6.441	4.064
6.441	4.052
6.441	4.040
6.441	4.029
6.441	4.017
6.441	4.005
6.441	3.994
6.441	3.982
6.442	3.971
6.442	3.959
6.442	3.947
6.442	3.936
6.442	3.924
6.442	3.913
6.442	3.901
6.442	3.889
6.442	3.878
6.442	3.866
6.442	3.854
6.442	3.843
6.442	3.831
6.443	3.820
6.443	3.808
6.443	3.796
6.443	3.784
6.443	3.773
6.443	3.761
6.443	3.750
6.443	3.738
6.443	3.727
6.443	3.715
6.443	3.704
6.444	3.692
6.444	3.680
6.444	3.669
6.444	3.657
6.444	3.645
6.444	3.634
6.444	3.622
6.444	3.611
6.444	3.599
6.444	3.587
6.445	3.576
6.445	3.564
6.445	3.553
6.445	3.541
6.445	3.529
6.445	3.517
6.445	3.506
6.445	3.494
6.445	3.483
6.445	3.471
6.446	3.460
6.446	3.448
6.446	3.436
6.446	3.424
6.446	3.413
6.446	3.401
6.446	3.390
6.446	3.378
6.446	3.366
6.447	3.355
6.447	3.343
6.447	3.331
6.447	3.320
6.447	3.308
6.447	3.297
6.447	3.285
6.447	3.273
6.447	3.262
6.447	3.250
6.448	3.239
6.448	3.227
6.455	3.221
6.467	3.218
6.478	3.215
6.489	3.211
6.500	3.208
6.511	3.206
6.522	3.203
6.534	3.201
6.545	3.198
6.557	3.195
6.568	3.193
6.579	3.190
6.590	3.189
6.602	3.188
6.614	3.187
6.625	3.185
6.637	3.184
6.649	3.183
6.660	3.182
6.672	3.181
6.683	3.180
6.695	3.179
6.706	3.179
6.718	3.179
6.729	3.179
6.741	3.179
6.753	3.179
6.764	3.179
6.776	3.179
6.787	3.179
6.799	3.179
6.810	3.180
6.822	3.182
6.833	3.183
6.845	3.185
6.856	3.186
6.868	3.187
6.880	3.189
6.891	3.191
6.902	3.194
6.913	3.199
6.923	3.202
6.935	3.206
6.945	3.210
6.956	3.214
6.967	3.218
6.978	3.222
6.989	3.226
7.000	3.230
7.011	3.234
7.022	3.238
7.033	3.242
7.044	3.246
7.055	3.250
7.065	3.254
7.075	3.260
7.084	3.267
7.094	3.274
7.103	3.281
7.112	3.288
7.121	3.295
7.131	3.302
7.140	3.309
7.149	3.316
7.158	3.323
7.168	3.330
7.177	3.337
7.186	3.344
7.195	3.351
7.205	3.358
7.214	3.365
7.222	3.373
7.229	3.382
7.236	3.392
7.242	3.401
7.249	3.411
7.256	3.420
7.263	3.430
7.269	3.439
7.276	3.449
7.283	3.458
7.290	3.468
7.296	3.477
7.303	3.487
7.310	3.496
7.316	3.506
7.323	3.515
7.330	3.525
7.335	3.535
7.339	3.545
7.343	3.556
7.347	3.567
7.351	3.578
7.355	3.589
7.359	3.600
7.363	3.611
7.367	3.622
7.371	3.633
7.375	3.644
7.379	3.655
7.384	3.666
7.387	3.677
7.392	3.688
7.395	3.698
7.400	3.710
7.404	3.720
7.407	3.731
7.409	3.743
7.411	3.754
7.413	3.766
7.415	3.777
7.417	3.789
7.419	3.800
7.421	3.812
7.423	3.823
7.425	3.834
7.426	3.845
7.427	3.857
7.428	3.869
7.429	3.880
7.430	3.892
7.431	3.904
7.432	3.915
7.433	3.927
7.434	3.938
7.435	3.950
7.436	3.961
7.437	3.973
7.437	3.984
7.437	3.996
7.437	4.008
7.438	4.020
7.438	4.031
7.438	4.043
7.438	4.054
7.438	4.066
7.439	4.078
7.439	4.090
7.438	4.101
7.438	4.112
7.437	4.124
7.436	4.136
7.435	4.147
7.434	4.159
7.434	4.170
7.433	4.182
7.432	4.193
7.431	4.205
7.429	4.216
7.426	4.227
7.423	4.239
7.420	4.250
7.417	4.261
7.414	4.272
7.412	4.284
7.409	4.295
7.406	4.306
7.403	4.317
7.400	4.329
7.397	4.340
7.395	4.352
7.392	4.363
7.389	4.374
7.386	4.385
7.383	4.397
7.380	4.408
7.377	4.419
7.375	4.430
7.372	4.442
7.368	4.452
7.362	4.462
7.356	4.472
7.350	4.482
7.344	4.492
7.338	4.502
7.332	4.512
7.326	4.522
7.320	4.532
7.314	4.542
7.308	4.552
7.302	4.562
7.296	4.572
7.291	4.582
7.285	4.592
7.279	4.602
7.273	4.612
7.267	4.622
7.261	4.632
7.255	4.642
7.246	4.649
7.237	4.657
7.228	4.664
7.219	4.671
7.210	4.679
7.202	4.686
7.192	4.694
7.184	4.701
7.174	4.709
7.166	4.716
7.157	4.723
7.148	4.731
7.139	4.738
7.130	4.746
7.121	4.753
7.112	4.760
7.103	4.768
7.094	4.775
7.085	4.781
7.074	4.785
7.063	4.789
7.052	4.793
7.041	4.797
7.030	4.801
7.019	4.805
7.008	4.809
6.997	4.813
6.986	4.817
6.975	4.821
6.964	4.825
6.954	4.829
6.942	4.833
6.932	4.837
6.921	4.841
6.910	4.845
6.899	4.849
6.888	4.853
8.429	5.124
8.418	5.124
8.406	5.124
8.395	5.124
8.383	5.123
8.371	5.123
8.359	5.123
8.348	5.123
8.339	5.121
8.339	5.109
8.339	5.097
8.339	5.086
8.339	5.074
8.339	5.062
8.339	5.051
8.339	5.039
8.339	5.027
8.339	5.016
8.339	5.005
8.339	4.993
8.339	4.981
8.339	4.969
8.339	4.958
8.339	4.946
8.339	4.935
8.339	4.923
8.339	4.911
8.339	4.900
8.350	4.899
8.362	4.897
8.373	4.896
8.385	4.895
8.396	4.893
8.408	4.892
8.419	4.891
8.431	4.889
8.442	4.888
8.454	4.887
8.465	4.885
8.476	4.884
8.488	4.883
8.499	4.881
8.511	4.880
8.522	4.878
8.534	4.876
8.545	4.875
8.557	4.873
8.569	4.872
8.580	4.870
8.591	4.867
8.603	4.864
8.614	4.862
8.625	4.859
8.636	4.856
8.647	4.853
8.658	4.848
8.669	4.844
8.679	4.839
8.690	4.834
8.699	4.828
8.709	4.821
8.718	4.814
8.728	4.807
8.736	4.800
8.744	4.791
8.751	4.782
8.758	4.773
8.765	4.764
8.770	4.754
8.775	4.743
8.780	4.733
8.785	4.722
8.788	4.711
8.791	4.700
8.794	4.689
8.797	4.677
8.799	4.666
8.802	4.655
8.803	4.643
8.804	4.632
8.806	4.620
8.807	4.608
8.808	4.597
8.810	4.585
8.811	4.574
8.812	4.562
8.812	4.551
8.813	4.539
8.813	4.528
8.814	4.516
8.814	4.504
8.815	4.493
8.815	4.481
8.816	4.469
8.816	4.458
8.817	4.446
8.817	4.435
8.818	4.423
8.818	4.411
8.818	4.400
8.818	4.388
8.818	4.377
8.818	4.365
8.818	4.354
8.818	4.342
8.818	4.330
8.818	4.319
8.818	4.307
8.818	4.295
8.818	4.284
8.819	4.272
8.819	4.261
8.819	4.249
8.819	4.237
8.819	4.225
8.819	4.214
8.819	4.202
8.819	4.191
8.819	4.179
8.819	4.168
8.819	4.156
8.819	4.144
8.819	4.132
8.819	4.121
8.819	4.109
8.819	4.098
8.819	4.086
8.819	4.074
8.819	4.063
8.819	4.051
8.819	4.040
8.819	4.028
8.819	4.016
8.819	4.005
8.819	3.993
8.819	3.981
8.820	3.970
8.820	3.958
8.820	3.947
8.820	3.935
8.820	3.923
8.820	3.912
8.820	3.900
8.820	3.888
8.820	3.877
8.820	3.865
8.820	3.854
8.820	3.842
8.820	3.830
8.820	3.819
8.820	3.807
8.820	3.795
8.820	3.784
8.820	3.772
8.820	3.761
8.820	3.749
8.820	3.737
8.820	3.726
8.820	3.714
8.820	3.703
8.820	3.691
8.821	3.679
8.821	3.667
8.821	3.656
8.821	3.644
8.821	3.633
8.821	3.621
8.821	3.610
8.821	3.598
8.821	3.586
8.821	3.574
8.821	3.563
8.821	3.551
8.821	3.540
8.821	3.528
8.821	3.516
8.821	3.505
8.821	3.493
8.821	3.481
8.821	3.470
8.821	3.458
8.821	3.447
8.821	3.435
8.821	3.423
8.821	3.412
8.821	3.400
8.821	3.388
8.822	3.377
8.822	3.365
8.822	3.354
8.822	3.342
8.822	3.330
8.822	3.319
8.822	3.307
8.822	3.296
8.822	3.284
8.822	3.273
8.822	3.261
8.822	3.249
8.822	3.238
8.822	3.226
8.822	3.214
8.822	3.203
8.822	3.191
8.822	3.180
8.822	3.168
8.822	3.156
8.822	3.145
8.822	3.133
8.822	3.121
8.822	3.110
8.822	3.098
8.822	3.087
8.822	3.075
8.822	3.063
8.822	3.051
8.822	3.040
8.822	3.029
8.823	3.017
8.823	3.005
8.823	2.994
8.823	2.982
8.823	2.970
8.823	2.959
8.823	2.947
8.823	2.936
8.823	2.924
8.823	2.912
8.823	2.900
8.823	2.889
8.823	2.877
8.823	2.866
8.823	2.854
8.823	2.842
8.823	2.831
8.823	2.819
8.823	2.807
8.823	2.796
8.823	2.784
8.823	2.773
8.823	2.761
8.823	2.749
8.823	2.738
8.823	2.726
8.823	2.714
8.823	2.703
8.823	2.691
8.823	2.680
8.823	2.668
8.823	2.656
8.823	2.645
8.824	2.633
8.824	2.622
8.824	2.610
8.824	2.598
8.824	2.587
8.824	2.575
8.824	2.563
8.824	2.552
8.824	2.540
8.824	2.529
8.824	2.517
8.824	2.505
8.824	2.493
8.824	2.482
8.824	2.470
8.824	2.459
8.824	2.447
8.824	2.435
8.824	2.424
8.824	2.412
8.824	2.400
8.824	2.389
8.824	2.377
8.824	2.366
8.824	2.354
8.824	2.342
8.824	2.331
8.824	2.319
8.824	2.308
8.824	2.296
8.824	2.284
8.824	2.273
8.824	2.261
8.825	2.249
8.825	2.238
8.825	2.226
8.825	2.215
8.825	2.203
8.825	2.191
8.825	2.180
8.825	2.168
8.825	2.156
8.824	2.145
8.824	2.133
8.824	2.122
8.823	2.110
8.823	2.099
8.822	2.087
8.822	2.075
8.821	2.064
8.821	2.052
8.820	2.040
8.820	2.029
8.819	2.017
8.819	2.006
8.817	1.994
8.816	1.983
8.814	1.971
8.813	1.960
8.811	1.948
8.810	1.936
8.808	1.925
8.807	1.913
8.805	1.902
8.802	1.891
8.799	1.880
8.795	1.869
8.792	1.858
8.788	1.846
8.785	1.835
8.781	1.825
8.774	1.815
8.767	1.806
8.760	1.796
8.753	1.787
8.747	1.777
8.738	1.770
8.729	1.763
8.719	1.757
8.710	1.750
8.700	1.743
8.690	1.737
8.680	1.732
8.669	1.728
8.658	1.724
8.648	1.720
8.637	1.717
8.625	1.714
8.614	1.711
8.603	1.708
8.592	1.706
8.580	1.704
8.569	1.702
8.557	1.700
8.546	1.698
8.534	1.696
8.523	1.695
8.511	1.693
8.500	1.692
8.488	1.690
8.477	1.689
8.465	1.687
8.454	1.686
8.442	1.684
8.431	1.683
8.419	1.682
8.408	1.680
8.396	1.679
8.385	1.678
8.373	1.676
8.362	1.675
8.350	1.674
8.346	1.666
8.346	1.654
8.346	1.643
8.345	1.631
8.345	1.620
8.345	1.608
8.345	1.597
8.345	1.585
8.345	1.573
8.345	1.562
8.345	1.550
8.345	1.539
8.345	1.527
8.345	1.515
8.345	1.504
8.345	1.492
8.345	1.480
8.345	1.469
8.345	1.457
8.349	1.450
8.360	1.450
8.372	1.450
8.384	1.450
8.395	1.450
8.407	1.450
8.418	1.450
8.430	1.450
8.442	1.450
8.454	1.450
8.465	1.450
8.477	1.450
8.488	1.450
8.500	1.450
8.511	1.450
8.523	1.450
8.535	1.450
8.546	1.450
8.558	1.450
8.569	1.450
8.581	1.450
8.593	1.450
8.605	1.450
8.616	1.450
8.628	1.450
8.639	1.450
8.651	1.450
8.662	1.450
8.674	1.450
8.686	1.450
8.698	1.450
8.709	1.450
8.721	1.450
8.732	1.450
8.744	1.450
8.756	1.450
8.767	1.450
8.779	1.450
8.791	1.450
8.802	1.450
8.814	1.450
8.825	1.450
8.837	1.450
8.849	1.450
8.860	1.450
8.872	1.450
8.883	1.450
8.895	1.450
8.907	1.450
8.918	1.450
8.930	1.450
8.942	1.450
8.953	1.450
8.965	1.450
8.976	1.450
8.988	1.450
9.000	1.450
9.011	1.450
9.023	1.450
9.035	1.450
9.046	1.450
9.058	1.450
9.069	1.450
9.081	1.450
9.093	1.450
9.104	1.450
9.116	1.450
9.128	1.450
9.139	1.450
9.151	1.450
9.162	1.450
9.174	1.450
9.185	1.450
9.197	1.450
9.209	1.450
9.220	1.450
9.232	1.450
9.243	1.450
9.255	1.450
9.267	1.450
9.278	1.450
9.290	1.450
9.302	1.450
9.313	1.450
9.325	1.450
9.336	1.450
9.348	1.450
9.360	1.450
9.372	1.450
9.383	1.450
9.395	1.450
9.406	1.450
9.418	1.450
9.430	1.450
9.441	1.450
9.453	1.450
9.465	1.450
9.476	1.450
9.488	1.450
9.499	1.450
9.511	1.450
9.522	1.450
9.534	1.450
9.546	1.450
9.557	1.450
9.569	1.450
9.580	1.451
9.592	1.451
9.604	1.451
9.616	1.451
9.627	1.451
9.639	1.451
9.650	1.451
9.662	1.451
9.674	1.451
9.685	1.451
9.697	1.451
9.709	1.451
9.720	1.451
9.732	1.451
9.743	1.451
9.755	1.451
9.766	1.451
9.778	1.452
9.790	1.452
9.801	1.452
9.813	1.452
9.825	1.452
9.836	1.452
9.848	1.452
9.860	1.452
9.871	1.452
9.883	1.452
9.895	1.452
9.906	1.452
9.918	1.452
9.929	1.453
9.941	1.453
9.953	1.453
9.964	1.453
9.976	1.453
9.987	1.453
9.996	1.460
9.998	1.471
9.999	1.482
9.999	1.494
10.000	1.506
10.000	1.517
10.000	1.529
10.000	1.540
10.000	1.552
10.000	1.564
9.999	1.575
9.999	1.587
9.999	1.599
9.999	1.610
9.999	1.622
9.998	1.633
9.998	1.645
9.998	1.657
9.998	1.668
9.994	1.676
9.982	1.678
9.971	1.680
9.959	1.681
9.948	1.683
9.937	1.684
9.925	1.686
9.914	1.687
9.902	1.688
9.891	1.690
9.879	1.691
9.868	1.692
9.857	1.694
9.845	1.696
9.834	1.698
9.822	1.700
9.811	1.702
9.799	1.704
9.788	1.706
9.776	1.708
9.765	1.710
9.753	1.712
9.742	1.714
9.730	1.716
9.719	1.718
9.707	1.720
9.696	1.722
9.686	1.728
9.676	1.733
9.666	1.739
9.655	1.744
9.645	1.749
9.635	1.755
9.624	1.760
9.614	1.765
9.605	1.772
9.599	1.781
9.593	1.791
9.586	1.801
9.580	1.811
9.574	1.821
9.568	1.831
9.562	1.840
9.555	1.850
9.553	1.861
9.551	1.873
9.549	1.884
9.546	1.896
9.544	1.907
9.542	1.919
9.540	1.930
9.538	1.942
9.536	1.953
9.534	1.964
9.532	1.976
9.529	1.987
9.528	1.998
9.528	2.010
9.527	2.022
9.527	2.033
9.526	2.045
9.526	2.057
9.525	2.068
9.525	2.080
9.524	2.091
9.524	2.103
9.523	2.115
9.523	2.126
9.522	2.138
9.522	2.149
9.521	2.161
9.521	2.172
9.521	2.184
9.521	2.196
9.521	2.207
9.521	2.219
9.521	2.231
9.521	2.242
9.521	2.254
9.521	2.265
9.521	2.277
9.521	2.289
9.521	2.300
9.521	2.312
9.521	2.324
9.521	2.335
9.521	2.347
9.521	2.358
9.521	2.370
9.521	2.382
9.521	2.394
9.521	2.405
9.521	2.417
9.521	2.428
9.521	2.440
9.521	2.451
9.521	2.463
9.521	2.475
9.521	2.486
9.521	2.498
9.521	2.509
9.521	2.521
9.521	2.533
9.521	2.545
9.521	2.556
9.521	2.568
9.521	2.579
9.521	2.591
9.521	2.603
9.521	2.614
9.521	2.626
9.521	2.638
9.521	2.649
9.521	2.661
9.521	2.672
9.521	2.684
9.521	2.696
9.521	2.707
9.521	2.719
9.521	2.731
9.521	2.742
9.521	2.754
9.521	2.765
9.520	2.777
9.520	2.789
9.520	2.800
9.520	2.812
9.520	2.823
9.520	2.835
9.520	2.847
9.520	2.858
9.520	2.870
9.520	2.882
9.520	2.893
9.520	2.905
9.520	2.916
9.520	2.928
9.520	2.940
9.520	2.952
9.520	2.963
9.520	2.975
9.520	2.986
9.520	2.998
9.520	3.010
9.520	3.021
9.520	3.033
9.520	3.045
9.520	3.056
9.520	3.068
9.520	3.079
9.520	3.091
9.520	3.103
9.520	3.114
9.520	3.126
9.520	3.137
9.520	3.149
9.520	3.161
9.520	3.172
9.520	3.184
9.520	3.196
9.520	3.207
9.520	3.219
9.520	3.230
9.520	3.242
9.520	3.254
9.520	3.265
9.520	3.277
9.520	3.289
9.520	3.300
9.520	3.312
9.520	3.323
9.520	3.335
9.520	3.346
9.520	3.358
9.520	3.370
9.520	3.381
9.520	3.393
9.520	3.405
9.520	3.416
9.520	3.428
9.520	3.439
9.520	3.451
9.520	3.463
9.520	3.474
9.520	3.486
9.520	3.497
9.520	3.509
9.520	3.521
9.520	3.532
9.520	3.544
9.520	3.556
9.520	3.567
9.520	3.579
9.520	3.590
9.520	3.602
9.520	3.614
9.520	3.625
9.520	3.637
9.520	3.649
9.519	3.660
9.519	3.672
9.519	3.683
9.519	3.695
9.519	3.707
9.519	3.719
9.519	3.730
9.519	3.742
9.519	3.753
9.519	3.765
9.519	3.777
9.519	3.788
9.519	3.800
9.519	3.812
9.519	3.823
9.519	3.835
9.519	3.846
9.519	3.858
9.519	3.870
9.519	3.881
9.519	3.893
9.519	3.904
9.519	3.916
9.519	3.928
9.519	3.939
9.519	3.951
9.519	3.963
9.519	3.974
9.519	3.986
9.519	3.997
9.519	4.009
9.519	4.021
9.519	4.032
9.519	4.044
9.519	4.056
9.519	4.067
9.519	4.079
9.519	4.090
9.519	4.102
9.519	4.114
9.519	4.126
9.519	4.137
9.519	4.149
9.519	4.160
9.519	4.172
9.519	4.184
9.519	4.195
9.519	4.207
9.519	4.218
9.519	4.230
9.519	4.241
9.519	4.253
9.519	4.265
9.519	4.277
9.519	4.288
9.519	4.300
9.519	4.311
9.519	4.323
9.519	4.335
9.519	4.346
9.519	4.358
9.519	4.370
9.519	4.381
9.519	4.393
9.519	4.404
9.519	4.416
9.519	4.428
9.519	4.439
9.519	4.451
9.519	4.463
9.519	4.474
9.519	4.486
9.519	4.497
9.519	4.509
9.519	4.521
9.519	4.532
9.519	4.544
9.519	4.555
9.519	4.567
9.519	4.578
9.521	4.590
9.522	4.602
9.523	4.613
9.524	4.625
9.525	4.637
9.526	4.648
9.529	4.659
9.533	4.670
9.536	4.681
9.540	4.692
9.544	4.703
9.547	4.714
9.551	4.726
9.554	4.736
9.558	4.748
9.562	4.759
9.569	4.768
9.576	4.776
9.584	4.785
9.591	4.794
9.599	4.803
9.607	4.812
9.614	4.821
9.622	4.828
9.633	4.833
9.644	4.837
9.654	4.842
9.665	4.846
9.676	4.850
9.687	4.855
9.697	4.859
9.708	4.864
9.719	4.868
9.730	4.870
9.741	4.872
9.753	4.873
9.764	4.875
9.776	4.877
9.787	4.878
9.799	4.880
9.810	4.882
9.822	4.883
9.833	4.885
9.845	4.887
9.856	4.888
9.868	4.890
9.879	4.892
9.891	4.894
9.902	4.895
9.914	4.896
9.925	4.897
9.937	4.898
9.948	4.899
9.960	4.901
9.972	4.902
9.983	4.903
9.985	4.913
9.985	4.924
9.985	4.936
9.985	4.947
9.985	4.959
9.986	4.971
9.986	4.983
9.986	4.994
9.986	5.006
9.986	5.017
9.987	5.029
9.987	5.040
9.987	5.052
9.987	5.063
9.987	5.075
9.987	5.087
9.988	5.099
9.988	5.110
9.988	5.122
9.985	5.129
9.973	5.129
9.961	5.129
9.949	5.129
9.938	5.129
9.926	5.129
9.915	5.129
9.903	5.129
9.892	5.129
9.880	5.129
9.868	5.129
9.857	5.129
9.845	5.129
9.834	5.129
9.822	5.129
9.810	5.129
9.798	5.129
9.787	5.129
9.775	5.129
9.764	5.129
9.752	5.129
9.740	5.129
9.729	5.129
9.717	5.129
9.705	5.129
9.694	5.129
9.682	5.129
9.671	5.129
9.659	5.129
9.647	5.129
9.636	5.129
9.624	5.129
9.612	5.129
9.601	5.129
9.589	5.129
9.578	5.128
9.566	5.128
9.554	5.128
9.542	5.128
9.531	5.128
9.520	5.128
9.508	5.128
9.496	5.128
9.485	5.128
9.473	5.128
9.461	5.128
9.450	5.128
9.438	5.128
9.427	5.128
9.415	5.128
9.403	5.128
9.391	5.128
9.380	5.128
9.368	5.128
9.357	5.128
9.345	5.128
9.333	5.128
9.322	5.128
9.310	5.128
9.298	5.128
9.287	5.128
9.275	5.128
9.264	5.128
9.252	5.128
9.241	5.128
9.229	5.128
9.217	5.128
9.206	5.128
9.194	5.128
9.183	5.128
9.171	5.128
9.159	5.128
9.148	5.128
9.136	5.128
9.124	5.128
9.113	5.127
9.101	5.127
9.090	5.127
9.078	5.127
9.066	5.127
9.055	5.127
9.043	5.127
9.031	5.127
9.020	5.127
9.008	5.127
8.996	5.127
8.985	5.127
8.973	5.127
8.962	5.127
8.950	5.127
8.938	5.127
8.927	5.127
8.915	5.127
8.904	5.127
8.892	5.127
8.880	5.127
8.869	5.127
8.857	5.127
8.845	5.127
8.834	5.127
8.822	5.127
8.811	5.127
8.799	5.127
8.787	5.126
8.776	5.126
8.764	5.126
8.753	5.126
8.741	5.126
8.729	5.126
8.717	5.126
8.706	5.126
8.695	5.126
8.683	5.126
8.671	5.126
8.660	5.126
8.648	5.126
8.636	5.126
8.625	5.126
8.613	5.126
8.601	5.126
8.590	5.126
8.578	5.126
8.567	5.126
8.555	5.126
8.543	5.125
8.531	5.125
8.520	5.125
8.508	5.125
8.497	5.125
